443.7432 227.527
478.6705 204.5748
492.0497 224.9346
457.1225 247.8868
451.2266 233.0146
486.6538 230.5208
488.0144 249.8491
452.5872 252.3428
454.2204 240
486.6538 259.4605
472.6869 282.7382
440.2535 263.2777
448.2328 242.9938
467.6933 267.4439
447.7869 283.2879
428.3264 258.8378
416.2994 283.9085
430.7703 252.4751
452.8258 262.6287
438.3549 294.0621
394.3451 264.948
426.7786 247.4854
440.5711 273.1025
408.1377 290.5651
387.3597 250.9771
421.789 239.5021
429.3881 262.3022
394.9588 273.7772
397.3389 227.027
427.7765 232.5166
423.8437 254.3223
393.4061 248.8327
411.3098 208.0665
434.762 230.5208
419.8321 246.1142
396.3799 223.6599
435.2599 200.0832
449.7308 230.5208
428.3083 240.7056
413.8374 210.268
427.2765 230.0208
433.764 196.5915
459.31 201.5491
452.8225 234.9784
434.262 230.0208
455.7183 204.5748
477.4175 222.8719
455.9612 248.3179
447.2349 231.0187
487.6518 220.5416
494.2057 245.824
453.7888 256.3011
454.2204 241.9958
485.6559 249.4813
480.0268 273.1213
448.5912 265.6358
268.6071 205.0728
344.9491 199.5852
345.6278 209.028
269.2858 214.5155
267.6091 225.0312
345.947 224.5333
346.1178 251.4026
267.7799 251.9005
275.5925 192.0998
327.9844 193.5977
327.1058 224.327
274.7139 222.829
206.736 307.8586
273.0988 253.473
293.3499 278.184
226.9871 332.5696
203.7422 300.8732
273.0988 249.4813
291.9707 274.9501
222.6141 326.342
223.7006 313.8462
276.0925 264.4501
298.7662 288.4989
246.3743 337.895
205.738 310.8524
273.0988 253.473
286.9927 269.7838
219.632 327.1632
