379 159
398 140
412.9833 154.9833
393.9833 173.9833
374.5 144.5
406 128
418.2589 151.4034
386.7589 167.9034
384.5 159.5
416 142
431.7591 170.3664
400.2591 187.8664
396.5 169.5
421 155
436.9117 181.8853
412.4117 196.3853
402.5 185.5
434 169
448.1122 195.9415
416.6122 212.4415
410.5 195.5
434 182
444.9247 201.0171
421.4247 214.5171
419.5 202.5
441 231
423.8594 243.9306
402.3594 215.4306
409.5 208.5
423 232
398.9544 245.8134
385.4544 222.3134
400.5 217.5
415 248
387.5768 261.0372
373.0768 230.5372
388.5 223.5
397 251
367.6923 260.0587
359.1923 232.5587
372.5 228.5
383 252
353.1906 265.3191
342.6906 241.8191
359.5 235.5
370 263
346.6445 271.9175
336.1445 244.4175
310.5 245.5
338 229
350.011 249.0184
322.511 265.5184
305.5 234.5
332 218
344.6081 238.2493
318.1081 254.7493
297.5 223.5
329 209
341.9152 237.0571
310.4152 251.5571
291.5 213.5
321 197
332.6443 217.8185
303.1443 234.3185
282.5 201.5
314 192
322.3934 219.8308
290.8934 229.3308
280.5 192.5
308 180
318.2453 202.5396
290.7453 215.0396
272.5 184.5
310 171
316.9499 190.3054
279.4499 203.8054
365.5 113.5
379 139
360.252 148.9254
346.752 123.4254
357.5 122.5
370 147
347.9998 158.2246
335.4998 133.7246
345.5 128.5
355 151
328.6194 162.1385
319.1194 139.6385
331.5 133.5
346 155
325.207 169.0232
310.707 147.5232
321.5 137.5
334 163
313.9219 172.8422
301.4219 147.3422
314.5 138.5
330 174
305.3237 184.7741
289.8237 149.2741
302.5 142.5
313 167
287.8954 177.7591
277.3954 153.2591
253.5 251.5
284 278
274.2498 289.222
243.7498 262.722
259.5 247.5
287 277
274.5436 288.6119
247.0436 259.1119
249.5 254.5
278 287
261.442 301.5201
232.942 269.0201
326.5 319.5
352 301
358.2423 309.6043
332.7423 328.1043
332.5 323.5
351 307
360.4132 317.5542
341.9132 334.0542
334.5 324.5
352 312
361.8981 325.8574
344.3981 338.3574
342.5 331.5
354 316
366.9496 325.6077
355.4496 341.1077
352.5 342.5
354 323
368.2756 324.0981
366.7756 343.5981
358.5 344.5
367 322
376.6313 325.6385
368.1313 348.1385
372.5 292.5
400 288
402.6731 304.3357
375.1731 308.8357
379.5 299.5
400 296
402.3801 309.9404
381.8801 313.4404
381.5 305.5
402 306
401.5117 326.019
381.0117 325.519
384.5 315.5
401 318
398.733 332.962
382.233 330.462
373.5 351.5
405 335
413.2614 350.7718
381.7614 367.2718
