270 207
285 200
290.642 212.09
275.642 219.09
273.5 211.5
288 212
287.6537 222.0439
273.1537 221.5439
269.5 209.5
283 202
290.6787 215.8216
277.1787 223.3216
265.5 257.5
294 238
304.8472 253.8536
276.3472 273.3536
272.5 269.5
305 253
311.289 265.3874
278.789 281.8874
269.5 263.5
305 243
316.8866 263.5842
281.3866 284.0842
279.5 272.5
309 256
318.8239 273.5639
289.3239 290.0639
284.5 278.5
314 266
321.5753 283.8778
292.0753 296.3778
287.5 286.5
314 272
321.989 286.6006
295.489 301.1006
295.5 292.5
321 278
331.1783 295.8998
305.6783 310.3998
298.5 298.5
321 286
328.8308 300.0954
306.3308 312.5954
324.5 210.5
358 194
367.9686 214.2393
334.4686 230.7393
319.5 210.5
359 193
365.183 206.956
325.683 224.456
412.5 241.5
494 293
477.9744 318.361
396.4744 266.861
422.5 243.5
484 289
466.6294 312.479
405.1294 266.979
398.5 289.5
444 239
467.2692 259.9653
421.7692 310.4653
409.5 297.5
451 243
470.5044 257.8519
429.0044 312.3519
407.5 298.5
457 242
474.1685 257.0414
424.6685 313.5414
