388 270
489 256
494.5535 296.0644
393.5535 310.0644
380.5 256.5
492 238
500.1018 286.8299
388.6018 305.3299
390.5 282.5
517 262
524.0332 305.3997
397.5332 325.8997
385.5 279.5
495 275
496.4159 309.4528
386.9159 313.9528
443.5 146.5
454 142
460.5561 157.2976
450.0561 161.7976
431.5 142.5
444 129
458.6752 142.5882
446.1752 156.0882
435.5 154.5
455 154
455.58 176.62
436.08 177.12
423.5 140.5
435 123
456.3555 137.0336
444.8555 154.5336
412.5 125.5
428 148
415.6474 156.5096
400.1474 134.0096
402.5 133.5
421 151
409.2974 163.3713
390.7974 145.8713
393.5 142.5
417 153
410.4602 167.6366
386.9602 157.1366
388.5 151.5
413 154
410.9295 174.2907
386.4295 171.7907
383.5 161.5
415 162
414.734 178.7609
383.234 178.2609
386.5 173.5
410 164
414.7703 175.8002
391.2703 185.3002
307.5 141.5
335 168
318.4481 185.1765
290.9481 158.6765
304.5 144.5
330 179
313.0359 191.5387
287.5359 157.0387
300.5 148.5
321 181
297.4844 195.8329
276.9844 163.3329
293.5 150.5
309 185
295.3175 191.1472
279.8175 156.6472
330.5 222.5
349 256
329.0381 267.0237
310.5381 233.5237
338.5 223.5
357 254
337.6156 265.7578
319.1156 235.2578
325.5 227.5
342 261
316.5948 273.513
300.0948 240.013
320.5 234.5
333 262
312.0418 271.5265
299.5418 244.0265
312.5 237.5
330 265
307.7107 279.1841
290.2107 251.6841
284.5 249.5
299 280
288.7027 284.8954
274.2027 254.3954
282.5 257.5
292 278
270.4908 287.9677
260.9908 267.4677
276.5 260.5
288 286
270.6559 293.8219
259.1559 268.3219
267.5 264.5
280 291
268.1041 296.6113
255.6041 270.1113
260.5 268.5
276 291
255.9463 304.8148
240.4463 282.3148
256.5 272.5
264 291
249.5239 296.8687
242.0239 278.3687
266.5 266.5
274 287
261.7553 291.4798
254.2553 270.9798
