398.8368 163.6601
413.8056 189.606
401.5204 196.6937
386.5516 170.7477
395.343 169.1476
406.8202 198.5873
389.7267 205.2513
378.2495 175.8115
390.3534 172.1414
395.843 198.5873
373.0535 203.3179
367.5639 176.872
380.3742 174.1372
390.8534 199.5852
367.2737 209.2951
356.7944 183.8471
370.395 176.1331
380.8742 205.5728
360.9531 212.6638
350.4739 183.2241
364.4075 179.1268
377.8805 210.5624
355.5633 220.1273
342.0904 188.6917
360.4158 180.1247
367.9012 208.5665
354.775 212.0211
347.2896 183.5794
320.499 186.1123
322.9948 199.5852
310.5832 201.8845
308.0873 188.4115
310.5198 186.1123
319.0031 200.5832
306.205 208.0859
297.7217 193.615
197.7547 225.0312
262.1216 211.5603
266.6095 233.0046
202.2426 246.4755
207.7339 234.0125
259.1279 219.5437
268.2185 251.834
216.8245 266.3028
213.7214 242.9938
268.1091 229.5229
276.7795 264.5286
222.3917 277.9995
217.7131 253.9709
273.0988 238.5042
281.1733 267.4186
225.7876 282.8853
215.7173 260.9563
271.1029 246.4875
279.6378 279.1586
224.2522 293.6274
327.4844 279.9168
343.9511 293.3898
335.7118 303.4599
319.2451 289.987
320.499 285.9044
340.9574 297.3815
330.8919 315.3236
310.4335 303.8465
309.5218 300.8732
335.9678 300.3753
336.3007 318.0553
309.8547 318.5533
305.5301 314.8441
331.9761 305.3649
338.2394 322.8387
311.7934 332.3179
313.5135 327.817
336.9657 309.3565
348.6117 324.1516
325.1595 342.6121
322.4948 331.8087
334.9699 316.342
348.3786 327.1571
335.9036 342.6239
332.474 339.7921
340.9574 313.3482
356.4259 318.3106
347.9425 344.7545
339.4595 339.7921
348.9407 316.342
361.284 321.3326
351.8027 344.7827
361.4137 318.8358
375.8846 340.2921
356.9821 353.0406
342.5112 331.5843
363.4096 311.8503
381.8721 324.3254
371.2715 340.0139
352.8089 327.5389
367.4012 302.869
388.8576 313.3482
380.1317 331.2147
358.6753 320.7355
383.368 293.8877
397.8389 317.3399
382.2254 326.974
367.7545 303.5218
398.3368 291.8919
399.8347 315.3441
390.6531 315.9305
389.1551 292.4783
386.3617 320.8316
395.843 294.3877
415.4576 301.4204
405.9763 327.8643
417.2973 289.896
426.7786 308.3586
410.2663 316.8384
400.785 298.3758
416.2994 285.9044
437.7557 289.3981
434.4494 309.7034
412.993 306.2096
408.316 288.8981
423.7848 267.4439
438.6445 278.1579
423.1757 299.6122
394.3451 287.9002
402.8285 260.4584
420.9682 266.0661
412.4848 293.5079
406.3202 286.9023
417.7973 263.4522
440.2592 274.4456
428.782 297.8957
385.3638 287.9002
397.8389 260.4584
415.1234 268.316
402.6484 295.7578
369.3971 284.9064
371.8929 258.4626
401.1297 261.222
398.6339 287.6659
354.4283 268.9397
362.9116 285.4064
349.3704 292.3826
340.887 275.9159
368.3992 259.9584
376.8825 285.4064
353.9848 293.0396
345.5015 267.5916
321.4969 279.9168
346.9449 295.3857
338.7491 308.8686
313.3011 293.3998
312.5156 287.9002
336.9657 290.396
334.5293 314.2637
310.0792 311.7678
309.5218 314.8441
336.9657 302.3711
344.5456 319.0488
317.1017 331.5218
