355.9262 344.2838
378.8784 311.3524
393.0112 321.2025
370.059 354.1339
362.4116 341.7879
373.8888 311.3524
400.1996 321.2741
388.7225 351.7097
341.4553 332.8067
359.9179 300.3753
376.2809 309.6904
357.8183 342.1218
350.4366 334.8025
361.9137 307.3607
380.0717 314.955
368.5945 342.3968
328.4823 326.8191
343.9511 298.3794
363.0972 308.7933
347.6284 337.233
337.4636 327.817
351.9345 299.3773
373.0192 310.1058
358.5483 338.5455
314.5114 319.8337
333.9719 293.3898
349.3273 304.6901
329.8668 331.134
324.4906 322.8274
336.9657 294.3877
360.9536 304.91
348.4786 333.3497
336.4657 327.817
350.9366 304.3669
374.0384 318.6229
359.5675 342.073
291.5593 277.921
307.0281 262.4543
319.1675 274.5953
303.6987 290.062
287.5676 277.921
294.0551 262.4543
306.5718 267.7044
300.0843 283.1711
297.5468 276.9231
308.026 266.4459
318.6095 277.0315
308.1303 287.5087
358.42 255.9667
366.9033 190.604
380.8987 192.4204
372.4153 257.7832
368.3992 252.973
375.8846 195.5936
403.5916 199.2081
396.1062 256.5875
379.3763 252.973
389.8555 199.5852
417.344 204.9808
406.8647 258.3685
390.3534 251.9751
397.8389 195.5936
424.5667 199.1421
417.0812 255.5235
402.3285 251.9751
412.8077 197.5894
441.3763 203.0941
430.8971 257.4798
260.6237 186.1123
291.0613 179.6268
293.6337 191.6994
263.196 198.1849
266.6112 190.104
290.0634 191.6019
288.453 216.8158
265.0008 215.3179
270.6029 200.0832
293.0572 209.5644
285.7329 226.9102
263.2787 217.429
265.6133 207.0686
286.0717 224.5333
270.0694 243.2787
249.611 225.814
260.6237 217.0478
274.0967 234.5125
252.143 251.4485
238.67 233.9838
250.6445 225.0312
262.1216 249.4813
251.2815 254.5698
239.8043 230.1197
247.6507 229.0229
254.1383 249.4813
237.9392 254.6181
231.4517 234.1597
214.7193 259.9584
220.2089 232.5166
237.2983 235.9353
231.8087 263.3771
237.6715 230.0208
247.1528 257.4647
231.9439 262.719
222.4626 235.2752
199.7505 251.9751
219.211 230.5208
234.8033 244.6641
215.3428 266.1183
199.7505 220.0416
226.1965 228.5249
220.9789 244.7902
194.5329 236.3069
193.763 235.0104
221.2069 230.5208
223.6235 245.2932
196.1797 249.7828
208.7318 213.0561
226.1965 226.5291
216.1437 239.5603
198.679 226.0873
212.7235 206.0707
237.1736 213.5561
231.5316 231.9849
207.0815 224.4994
212.7235 199.0852
239.1694 195.5936
241.5531 213.6472
215.1071 217.1389
205.738 181.1227
231.1861 181.6227
230.7707 202.7641
205.3227 202.2641
216.7152 169.1476
239.1694 186.6123
232.773 194.8362
210.3187 177.3715
231.684 166.1538
246.1549 186.6123
236.3107 193.5754
221.8398 173.117
244.657 158.1705
252.1424 185.6143
235.3287 190.2004
227.8432 162.7565
240.6653 185.1143
244.159 158.6705
268.9119 161.9408
265.4182 188.3847
254.6362 182.1206
269.1071 159.6684
283.9469 169.2329
269.476 191.6851
260.6237 187.1102
284.0759 175.6351
293.8831 195.6786
270.4309 207.1537
264.6154 192.0998
292.0593 191.6019
292.587 220.6912
265.1432 221.1892
265.6133 202.079
292.0593 212.5582
282.5722 236.5004
256.1262 226.0212
