416.7994 125.7391
437.7557 100.7911
451.8453 112.6263
430.8889 137.5743
422.2869 126.237
449.7308 113.764
458.2429 132.4931
430.7991 144.9661
422.2869 134.2204
445.7391 123.7432
452.175 138.1495
428.7228 148.6266
427.2765 141.2058
452.7245 123.7432
462.3398 137.7555
436.8918 155.218
431.2682 145.1975
457.7141 128.7328
472.8998 153.1245
446.4539 169.5891
438.2536 152.183
461.7058 140.7079
471.9354 161.6147
448.4833 173.0898
446.237 162.1622
462.7037 149.6892
475.067 166.011
458.6002 178.484
454.2204 173.1393
473.6809 160.6663
483.1006 175.3632
463.6401 187.8361
447 174
472 156
487.7329 177.8512
462.7329 195.8512
445.5 176.5
475 162
487.4923 187.4154
457.9923 201.9154
453.5 182.5
473 204
452.7823 222.337
433.2823 200.837
453.5 192.5
466 214
441.5939 228.1896
429.0939 206.6896
431.5 192.5
444 218
420.6541 229.4441
408.1541 203.9441
429.5 205.5
438 228
409.967 238.5902
401.467 216.0902
409.5 209.5
423 232
396.1425 248.1145
382.6425 225.6145
399.5 213.5
407 235
388.116 241.5874
380.616 220.0874
337.5 225.5
374 206
382.4294 221.778
345.9294 241.278
350.5 225.5
382 213
389.0949 230.8791
357.5949 243.3791
344.5 211.5
375 202
381.4058 222.5661
350.9058 232.0661
341.5 202.5
370 188
380.8166 209.2603
352.3166 223.7603
334.5 188.5
364 176
376.2447 204.8975
346.7447 217.3975
326.5 174.5
356 169
359.5207 187.884
330.0207 193.384
320.5 172.5
348 158
361.4533 183.5149
333.9533 198.0149
318.5 159.5
350 153
354.2631 173.6598
322.7631 180.1598
404.5 97.5
423 123
407.2839 134.4019
388.7839 108.9019
399.5 103.5
414 125
393.0752 139.1121
378.5752 117.6121
391.5 109.5
406 129
391.2033 140.0027
376.7033 120.5027
380.5 110.5
393 129
362.2416 149.7827
349.7416 131.2827
365.5 116.5
376 138
359.9259 145.8501
349.4259 124.3501
352.5 119.5
366 138
347.5795 151.442
334.0795 132.942
346.5 124.5
360 145
342.1266 156.7703
328.6266 136.2703
377.5 289.5
382 322
359.7402 325.0821
355.2402 292.5821
379.5 292.5
386 330
363.146 333.9614
356.646 296.4614
369.5 292.5
372 334
347.5291 335.4742
345.0291 293.9742
279.5 215.5
313 225
307.9694 242.7396
274.4694 233.2396
276.5 252.5
302 245
306.3804 259.8934
280.8804 267.3934
277.5 256.5
297 255
298.2649 271.4438
278.7649 272.9438
278.5 264.5
301 265
300.7112 277.9968
278.2112 277.4968
281.5 272.5
301 277
296.5708 296.1933
277.0708 291.6933
261.5 228.5
275 251
259.2585 260.4449
245.7585 237.9449
251.5 234.5
267 255
252.3569 266.0716
236.8569 245.5716
239.5 243.5
262 256
251.217 275.4094
228.717 262.9094
