414 160
446 201
427.0148 215.8177
395.0148 174.8177
408.5 159.5
432 193
408.8883 209.2127
385.3883 175.7127
378.5 179.5
409 220
387.182 236.4309
356.682 195.9309
388.5 172.5
405 215
383.9065 223.1892
367.4065 180.6892
375.5 182.5
400 219
376.6039 234.7042
352.1039 198.2042
364.5 187.5
392 225
368.894 241.9444
341.394 204.4444
356.5 193.5
379 229
357.6823 242.5112
335.1823 207.0112
350.5 199.5
370 232
343.9204 247.6478
324.4204 215.1478
343.5 198.5
368 238
343.6653 253.0937
319.1653 213.5937
252.5 222.5
274 184
293.3266 194.7928
271.8266 233.2928
262.5 220.5
293 193
305.456 206.8148
274.956 234.3148
260.5 220.5
297 212
303.107 238.2241
266.607 246.7241
270.5 223.5
303 232
297.0984 254.5648
264.5984 246.0648
269.5 230.5
299 253
283.1277 273.8103
253.6277 251.3103
267.5 235.5
279 266
253.2556 275.7069
241.7556 245.2069
235.5 272.5
246 238
265.5124 243.9386
255.0124 278.4386
239.5 272.5
245 233
272.3943 236.8144
266.8943 276.3144
213.5 246.5
248 228
258.0471 246.7365
223.5471 265.2365
218.5 257.5
240 234
257.8451 250.3264
236.3451 273.8264
211.5 222.5
247 225
245.7434 242.8444
210.2434 240.3444
210.5 240.5
248 229
254.1009 248.8942
216.6009 260.3942
227.5 205.5
252 222
242.4383 236.1977
217.9383 219.6977
213.5 218.5
253 225
249.0727 248.8658
209.5727 242.3658
241.5 192.5
257 225
240.4058 232.9141
224.9058 200.4141
245.5 230.5
251 189
285.7532 193.6058
280.2532 235.1058
256.5 222.5
279 184
301.1131 196.9232
278.6131 235.4232
261.5 222.5
300 203
310.3135 223.3625
271.8135 242.8625
268.5 227.5
304 227
304.3532 252.0774
268.8532 252.5774
323.5 271.5
385 272
384.7751 299.6577
323.2751 299.1577
321.5 282.5
381 285
379.7646 314.4019
320.2646 311.9019
320.5 274.5
381 275
380.6681 315.1608
320.1681 314.6608
319.5 292.5
388 293
387.7419 328.3544
319.2419 327.8544
