189.2734 255.4688
217.2152 223.5353
231.0632 235.6523
203.1214 267.5858
198.7526 255.9667
228.1923 233.5146
241.5195 250.9894
212.0798 273.4416
203.7422 262.9522
228.1923 236.5083
245.0607 252.1049
220.6106 278.5488
213.7214 267.9418
239.1694 249.4813
251.0344 265.8373
225.5864 284.2978
235.6757 289.896
252.1424 270.4376
267.3204 283.2821
250.8537 302.7405
245.6549 287.9002
259.1279 270.4376
273.6536 281.6447
260.1806 299.1073
249.6466 290.894
269.1071 272.4335
279.2474 283.1231
259.7869 301.5836
254.6362 292.8898
272.1008 277.4231
286.6261 293.8247
269.1615 309.2914
260.6237 297.8794
274.0967 286.4044
286.3737 300.8189
272.9007 312.294
266.6112 304.8649
277.0904 288.4002
290.5603 296.9733
280.0811 313.438
270.6029 306.8607
291.0613 290.396
302.006 303.9955
281.5475 320.4601
384.3659 261.9543
407.8181 287.4023
386.6513 306.909
363.1991 281.461
384.3659 266.9439
410.8119 297.3815
393.1614 312.7172
366.7155 282.2795
376.3825 272.9314
395.843 302.3711
371.5295 318.4431
352.069 289.0034
372.3909 271.9335
398.8368 308.3586
371.9568 327.8744
345.5109 291.4493
316.5073 174.1372
352.9324 183.6185
348.1036 202.1698
311.6785 192.6885
309.5218 183.1185
330.9782 199.5852
320.1609 213.6803
298.7046 197.2135
308.5239 187.1102
324.9906 208.5665
306.1732 223.008
289.7065 201.5517
302.5364 188.1081
310.0218 208.5665
294.9106 214.0955
287.4251 193.6371
291.5593 192.0998
298.0468 215.552
280.7344 220.3411
274.2469 196.8889
263.6175 213.0561
280.0842 189.606
291.7773 197.817
275.3106 221.2671
271.6008 212.0582
283.078 191.6019
297.9497 199.9457
286.4725 220.4021
249.6466 199.0852
275.0946 187.6102
282.3519 203.7046
256.9039 215.1797
251.6424 184.1164
284.0759 190.604
281.5238 203.3625
249.0904 196.875
264.6154 165.1559
287.0696 184.6164
274.0966 199.5852
251.6424 180.1247
279.5842 156.1746
298.0468 174.6372
282.8469 189.8371
264.3843 171.3745
288.5655 149.1892
305.0322 168.6497
286.8606 184.0259
270.3938 164.5654
307.526 142.2037
315.0114 164.658
287.902 173.6953
280.4166 151.2411
409.3139 132.2245
446.737 192.5998
417.3424 210.8198
379.9193 150.4445
401.3306 131.2266
438.7536 192.5998
389.5058 222.6293
352.0827 161.2561
409.3139 131.2266
442.7453 194.5956
398.7733 217.7938
365.3419 154.4248
405.3222 129.2308
433.764 218.5457
388.7907 232.8672
360.3489 143.5523
