527.5686 234.5125
545.5312 216.5499
565.5891 236.6079
547.6266 254.5704
534.0541 244.9896
561.4979 237.5062
568.8954 264.6352
541.4515 272.1185
533.0561 252.973
566.4875 251.4771
567.9602 284.3907
534.5288 285.8866
542.0374 270.9356
569.4813 273.4314
566.678 304.2558
539.2341 301.76
541.0395 284.9064
566.4875 297.3815
554.9575 320.9017
529.5095 308.4266
533.0561 295.8836
549.5229 318.3378
529.7293 332.8534
513.2625 310.3991
524.0748 307.8586
532.5582 339.2942
512.4407 344.7232
503.9573 313.2877
489.1476 344.7817
501.6227 311.3524
516.5817 316.9348
504.1067 350.3641
500.1247 342.7859
507.6102 311.3524
524.2272 315.3095
516.7417 346.743
475.1767 339.7921
486.6538 312.3503
502.5466 318.9972
491.0695 346.439
456.2162 332.8067
470.6871 303.369
491.9744 313.8334
477.5035 343.271
442.2453 324.8233
458.7121 303.369
480.4926 320.0862
464.0259 341.5405
430.2703 313.8462
452.7245 296.3836
468.3434 316.4671
445.8892 333.9297
418.2952 301.8711
447.7349 287.4023
460.0674 312.4951
430.6277 326.9639
410.3119 285.9044
439.7516 275.4272
448.3016 299.4519
418.8619 309.929
408.316 267.9418
439.7516 266.4459
440.7655 287.7549
409.33 289.2508
408.316 255.9667
434.762 256.4667
434.2097 285.6752
407.7638 285.1752
410.3119 235.0104
438.7536 242.4958
432.3282 266.9101
403.8864 259.4246
423.2848 222.0374
445.7391 242.4958
427.4562 262.5623
405.002 242.1039
433.264 213.0561
455.7183 231.5187
441.4757 248.8407
419.0214 230.3781
447.2349 206.0707
464.6996 223.5353
444.5179 243.717
427.0532 226.2524
466.1954 200.0832
479.6684 221.5395
457.3405 235.5597
443.8676 214.1034
465.1975 226.0291
477.6726 197.5894
497.037 206.0836
484.562 234.5233
480.1663 221.0395
488.6497 197.5894
520.1247 208.9759
511.6413 232.426
497.131 219.0437
522.579 200.5832
533.9565 216.2671
508.5084 234.7276
511.1019 229.0229
530.5624 207.5686
547.4337 222.872
527.9732 244.3263
524.0748 235.0104
546.5291 218.5457
562.2415 239.9741
539.7873 256.4388
428.2744 138.2121
447.7349 126.737
458.1721 144.4374
438.7116 155.9125
434.262 150.1871
452.7245 164.658
440.8831 179.7658
422.4206 165.2949
407.3181 173.1393
416.7994 148.6913
430.7554 154.1036
421.2742 178.5517
390.3534 159.1684
407.8181 145.6975
414.7672 154.7069
397.3026 168.1778
386.3617 139.21
410.8119 139.71
410.5538 152.3302
386.1037 151.8302
392.3493 124.2412
413.8056 131.7266
407.9808 148.4229
386.5244 140.9375
402.3285 114.262
418.7952 130.7287
407.0511 142.4728
390.5843 126.0061
421.289 108.2744
427.7765 129.7308
412.9476 134.2144
406.4601 112.7581
412.3077 130.2287
425.7807 105.7807
446.2403 117.0557
432.7673 141.5037
428.2744 131.2266
455.7183 121.7474
460.9817 136.9859
433.5379 146.4651
356.4241 236.0083
375.8846 239.5021
374.4739 247.3598
355.0134 243.8661
327.4844 243.9917
353.9304 233.5146
356.2839 239.4552
329.8379 249.9323
353.4304 279.9168
381.8721 258.4626
393.5406 273.9313
365.0988 295.3856
355.4262 289.896
385.8638 271.4356
397.9892 291.4279
367.5516 309.8884
369.3971 293.8877
396.841 282.4127
406.144 304.6619
378.7001 316.137
376.3825 301.8711
398.8368 297.3815
403.6334 321.371
381.1791 325.8606
323.4927 264.948
355.9262 285.4064
343.8558 304.542
311.4224 284.0836
318.5031 280.9148
342.9532 282.4127
341.5286 305.6658
317.0785 304.1679
313.5135 298.8773
339.9595 299.3773
339.4309 327.3319
312.985 326.8319
320.499 247.9834
351.9345 230.5208
357.9287 241.3113
326.4931 258.7739
353.4304 237.0062
372.8909 238.5042
372.1212 248.5036
352.6607 247.0056
277.5884 178.1289
304.0343 170.6455
308.5155 186.4819
282.0695 193.9652
276.5904 186.1123
297.0489 192.5998
291.4137 210.3704
270.9552 203.8829
273.5967 195.0936
288.0676 208.5665
276.75 220.7223
262.2792 207.2493
265.6133 163.1601
275.0946 181.6227
257.8584 190.4741
248.3771 172.0116
266.6112 181.1227
274.0967 158.6705
289.5077 163.8084
282.0223 186.2606
278.5863 180.1247
297.0489 170.6455
304.4687 185.097
286.0061 194.5762
247.6507 177.131
264.1175 186.6123
255.4212 201.7155
238.9545 192.2342
239.6674 188.1081
259.1279 195.5936
252.6692 212.3845
233.2087 204.8991
189.7713 274.9272
301.0405 305.3649
290.3774 344.3454
179.1082 313.9078
188.7734 281.9127
301.0405 332.3087
288.4179 360.4282
176.1507 310.0322
187.7755 179.1268
202.2464 141.7058
220.0284 148.5822
205.5575 186.0032
163.8254 213.0561
186.2796 221.5395
180.1202 237.8427
157.6659 229.3593
158.8358 227.027
182.2879 234.5125
176.1514 253.7386
152.6992 246.2531
155.842 239.0021
180.2921 248.4834
173.8988 264.9704
149.4487 255.4891
154.8441 247.9834
178.2963 259.4605
172.5769 271.1474
149.1247 259.6702
136.8815 273.9293
171.3108 288.4002
161.1392 312.6007
126.7099 298.1298
130.894 285.9044
172.3087 298.3794
164.6882 323.678
123.2735 311.2029
125.9044 295.8836
164.3254 309.3565
156.3931 331.977
117.9721 318.504
