333.9719 254.4709
380.8742 271.4356
372.6086 294.2876
325.7063 277.3229
334.4699 265.9459
372.8909 284.4085
363.5405 303.8669
325.1195 285.4043
335.4678 273.9293
371.8929 289.3981
363.8608 308.3117
327.4357 292.8429
330.4782 283.9085
367.9012 302.3711
358.3498 321.7315
320.9268 303.269
327.4844 292.8898
359.9179 306.3628
350.1578 329.8583
317.7243 316.3853
324.4906 302.869
360.9158 317.3399
350.9952 342.3113
314.5701 327.8404
318.5031 304.8649
351.9345 323.3274
341.1471 342.8609
307.7157 324.3983
315.5094 315.842
351.9345 325.3233
346.0876 347.7858
309.6625 338.3046
288.5655 217.0478
317.0073 174.6372
338.1377 188.8079
309.6959 231.2185
294.553 220.0416
323.9927 179.6268
343.6349 193.9349
314.1952 234.3497
305.5301 229.0229
325.9886 187.6102
348.086 198.5266
327.6276 239.9393
311.5177 231.0187
340.9574 189.606
356.3036 200.5154
326.8639 241.9281
323.4927 237.0062
341.9553 196.5915
366.7471 207.917
348.2845 248.3318
343.4511 249.9792
367.9012 211.5603
390.5698 225.9868
366.1197 264.4057
354.4283 250.9771
370.895 213.5561
390.9482 222.3803
374.4815 259.8013
364.4075 252.973
383.868 216.5499
398.8308 224.5444
379.3703 260.9675
369.3971 253.9709
393.8472 225.5312
411.8977 241.0495
387.4476 269.4892
376.3825 258.9605
393.8472 226.5291
416.3509 238.6476
398.8863 271.079
251.6424 258.9605
259.1279 293.3898
237.4762 298.0972
229.9908 263.6679
237.6715 246.9854
238.1715 289.3981
215.1343 289.6697
214.6343 247.257
240.6653 245.9875
247.1528 291.394
230.0992 293.8305
223.6117 248.4241
231.684 248.9813
237.1736 289.3981
217.0051 292.1375
211.5155 251.7207
212.7235 250.9771
224.2006 289.3981
201.5331 296.1694
190.056 257.7484
213.7214 251.9751
233.1819 290.396
211.1946 301.5328
191.7341 263.1118
252.6403 287.9002
289.0655 291.394
286.6664 316.4062
250.2413 312.9124
250.6445 292.8898
290.0634 302.3711
284.3805 325.9982
244.9615 316.5169
251.6424 301.8711
286.0717 316.342
278.8482 333.5283
244.4189 319.0575
251.6424 299.8753
287.0696 311.3524
281.0272 330.0041
245.5999 318.5269
249.6466 308.8565
284.0759 327.3191
275.5739 343.1737
241.1446 324.7111
245.6549 310.8524
276.0925 333.3067
261.7638 352.7298
231.3262 330.2755
