329 286
365 275
370.1034 291.702
334.1034 302.702
342.5 293.5
373 289
375.6313 306.8347
345.1313 311.3347
341.5 301.5
373 314
365.6972 332.403
334.1972 319.903
338.5 314.5
352 339
335.3821 348.1568
321.8821 323.6568
328.5 314.5
334 343
318.1372 346.0612
312.6372 317.5612
301.5 343.5
313 312
331.0689 318.5966
319.5689 350.0966
307.5 343.5
321 315
340.3197 324.1514
326.8197 352.6514
283.5 330.5
306 310
318.3636 323.5698
295.8636 344.0698
296.5 335.5
308 313
328.711 323.5856
317.211 346.0856
278.5 308.5
303 307
304.1739 326.1735
279.6739 327.6735
286.5 330.5
309 308
323.5774 322.5774
301.0774 345.0774
276.5 305.5
304 303
306.1463 326.6092
278.6463 329.1092
279.5 287.5
312 295
307.3048 315.3459
274.8048 307.8459
293.5 273.5
316 293
304.7894 305.9353
282.2894 286.4353
278.5 291.5
308 294
306.0707 316.7657
276.5707 314.2657
302.5 268.5
321 288
303.4384 304.661
284.9384 285.161
313.5 260.5
329 288
307.804 299.9469
292.304 272.4469
310.5 290.5
315 257
336.0244 259.8242
331.5244 293.3242
322.5 281.5
353 257
371.7876 280.3886
341.2876 304.8886
335.5 286.5
361 272
372.1848 291.6698
346.6848 306.1698
343.5 294.5
367 297
364.8424 317.2816
341.3424 314.7816
337.5 304.5
369 317
362.8945 332.3858
331.3945 319.8858
337.5 310.5
357 334
340.7661 347.4707
321.2661 323.9707
437.5 195.5
487 222
474.7559 244.871
425.2559 218.371
404.5 231.5
482 242
479.435 260.932
401.935 250.432
419.5 213.5
476 256
462.8162 273.5267
406.3162 231.0267
219.5 214.5
283 202
287.6515 225.6297
224.1515 238.1297
214.5 202.5
293 196
294.9822 219.9389
216.4822 226.4389
218.5 217.5
292 204
297.2885 232.7929
223.7885 246.2929
226.5 229.5
291 216
296.5161 242.3547
232.0161 255.8547
