388.8576 258.4626
415.8015 233.5146
430.0555 248.9089
403.1116 273.8569
395.343 258.9605
416.7994 234.5125
436.4296 251.7406
414.9733 276.1886
401.3306 262.9522
433.764 241.4979
447.1597 261.7488
414.7262 283.203
403.3264 268.9397
443.7432 274.4293
440.5142 298.2027
400.0974 292.7131
407.3181 274.9272
440.7495 302.3711
427.9286 317.9891
394.4972 290.5453
405.3222 277.921
417.7973 310.3545
392.9969 319.8936
380.5218 287.4601
397.3389 282.9106
403.8264 321.3316
376.3803 325.966
369.8927 287.545
363.4096 308.8565
380.8742 278.421
399.5587 289.1426
382.0941 319.5782
370.395 317.8378
382.8701 279.4189
400.3713 285.1018
387.8962 323.5207
383.368 318.8358
388.8576 286.4044
407.0003 289.4753
401.5107 321.9067
346.4449 289.896
391.8514 270.4376
398.7274 286.4829
353.3209 305.9413
353.4304 307.8586
382.8701 273.4314
397.5178 285.9571
368.0781 320.3843
366.4033 312.8482
390.8534 276.4252
401.9077 283.8457
377.4576 320.2687
349.4387 270.9356
381.8721 269.4397
382.9216 292.1935
350.4881 293.6893
355.4262 250.9771
387.8597 266.4459
380.9327 280.9696
348.4993 265.5008
342.4532 266.9439
377.8805 266.4459
378.1571 286.1261
342.7298 286.624
368.3992 237.0062
394.8451 262.4543
384.0145 273.7095
357.5686 248.2615
357.422 244.9896
388.8576 261.4563
378.7444 280.7628
347.3088 264.2961
386.3617 232.0166
395.843 263.4522
378.8324 268.5828
369.3511 237.1472
383.368 270.9356
397.8389 228.5249
426.5634 238.326
412.0925 280.7366
396.341 260.9563
423.7848 238.5042
439.5821 257.8135
412.1382 280.2657
401.3306 265.9459
440.7495 264.4501
441.809 292.3718
402.3901 293.8676
403.3264 272.9314
437.7557 289.3981
428.8793 307.9573
394.45 291.4906
236.6736 253.9709
289.0655 253.473
289.2404 271.8729
236.8485 272.3708
236.6736 261.9543
304.0343 256.4667
306.0857 281.6487
238.725 287.1362
233.6798 265.9459
298.0468 260.4584
301.1556 296.9241
236.7887 302.4117
234.6778 275.9252
298.0468 269.4397
300.4382 292.8059
237.0691 299.2914
330.4782 156.1746
349.9387 200.5832
322.5031 212.6059
303.0426 168.1973
342.4532 157.1726
353.9304 215.552
324.1982 221.3972
312.721 163.0178
304.5322 168.1497
321.9969 213.5561
298.196 222.7107
280.7313 177.3042
296.5489 168.1497
311.0198 213.5561
291.0303 219.9267
276.5594 174.5203
285.5717 173.1393
301.0405 218.5457
269.3574 229.3394
253.8885 183.9329
278.5863 173.1393
292.0593 222.5374
267.0091 229.3697
253.5362 179.9715
266.6112 172.1414
278.0884 219.5437
245.557 227.4202
234.0799 180.0179
256.632 177.131
265.1154 223.5353
236.5292 228.7613
228.0459 182.3569
