459.71 239.5021
475.6767 248.4834
467.3452 263.2949
451.3785 254.3136
457.2141 240
472.683 257.4647
458.2554 270.2434
442.7866 252.7788
407.3181 251.9751
431.7682 274.4293
418.8723 288.4714
394.4222 266.0172
403.3264 257.9626
425.7807 278.421
414.3354 290.9829
391.8811 270.5244
399.3347 263.9501
419.7931 283.4106
404.2304 299.7714
383.772 280.3109
396.341 271.9335
411.8098 285.4064
400.3446 298.57
384.8758 285.097
389.3555 274.9272
406.8202 293.3898
391.4074 307.9695
373.9427 289.507
383.368 282.9106
399.8347 298.3794
386.5683 312.5016
370.1016 297.0328
378.3784 287.9002
397.8389 304.3669
385.8486 318.5372
366.3881 302.0704
292.5572 181.1227
318.0052 216.5499
304.8113 226.0273
279.3633 190.6001
290.5613 184.1164
320.001 218.5457
307.6543 229.1031
278.2146 194.6738
239.6674 245.9875
313.0156 279.4189
300.1587 307.6269
226.8104 274.1955
231.684 252.973
308.026 291.394
293.5307 320.1959
217.1887 281.7749
233.6798 255.9667
314.0135 278.421
304.2093 313.4973
223.8756 291.043
226.6944 313.8462
261.1237 239.5021
294.3457 254.8874
259.9164 329.2315
233.6798 314.8441
269.1071 243.4938
304.4661 261.0504
269.0389 332.4007
237.6715 320.8316
275.0946 250.4792
300.7505 264.1266
263.3275 334.479
223.7006 305.8628
271.1029 239.5021
297.6527 258.467
250.2504 324.8277
