421 175
446 143
476.6621 166.9548
451.6621 198.9548
433.5 169.5
453 149
473.5064 168.5061
454.0064 189.0061
423.5 155.5
448 134
466.1956 154.7345
441.6956 176.2345
437.5 160.5
467 147
477.7389 170.4665
448.2389 183.9665
450.5 177.5
473 162
486.6625 181.8327
464.1625 197.3327
456.5 184.5
482 168
494.0621 186.6415
468.5621 203.1415
465.5 191.5
485 177
500.0601 197.2532
480.5601 211.7532
476.5 199.5
501 184
507.2349 193.8552
482.7349 209.3552
482.5 205.5
500 192
512.8849 208.7027
495.3849 222.2027
488.5 214.5
507 199
518.946 213.2581
500.446 228.7581
494.5 214.5
513 232
492.3726 253.8062
473.8726 236.3062
484.5 224.5
498 249
475.8948 261.1804
462.3948 236.6804
471.5 234.5
488 262
462.2039 277.4777
445.7039 249.9777
461.5 239.5
478 268
457.5752 279.8249
441.0752 251.3249
450.5 248.5
464 273
444.7914 283.5843
431.2914 259.0843
443.5 253.5
459 282
440.1996 292.2248
424.6996 263.7248
441.5 259.5
457 285
434.2948 298.8012
418.7948 273.3012
388.5 274.5
422 259
430.616 277.6216
397.116 293.1216
396.5 277.5
425 262
433.7837 278.1507
405.2837 293.6507
384.5 268.5
410 255
419.2282 272.431
393.7282 285.931
376.5 256.5
402 243
414.9411 267.4444
389.4411 280.9444
370.5 246.5
397 234
408.1657 257.6712
381.6657 270.1712
359.5 237.5
389 222
401.5153 245.8195
372.0153 261.3195
352.5 229.5
380 217
390.8618 240.896
363.3618 253.396
347.5 220.5
373 205
386.2425 226.7861
360.7425 242.2861
338.5 212.5
368 204
374.9218 228.0227
345.4218 236.5227
410.5 137.5
432 161
419.4573 172.4752
397.9573 148.9752
392.5 149.5
408 171
390.8882 183.3364
375.3882 161.8364
410.5 146.5
423 165
402.7716 178.6679
390.2716 160.1679
389.5 154.5
401 172
384.0783 183.12
372.5783 165.62
374.5 164.5
392 189
378.8789 198.3722
361.3789 173.8722
366.5 169.5
376 188
355.2328 198.6642
345.7328 180.1642
231.5 208.5
267 216
262.5619 237.0072
227.0619 229.5072
223.5 215.5
270 225
265.3442 247.7887
218.8442 238.2887
218.5 206.5
265 215
260.9792 236.9962
214.4792 228.4962
252.5 277.5
278 267
282.0474 276.8295
256.5474 287.3295
257.5 286.5
280 270
290.0706 283.7326
267.5706 300.2326
262.5 291.5
281 274
291.4897 285.0891
272.9897 302.5891
266.5 295.5
282 278
297.4144 291.6527
281.9144 309.1527
276.5 303.5
285 284
299.0228 290.1125
290.5228 309.6125
301.5 258.5
326 252
330.4119 268.6294
305.9119 275.1294
307.5 263.5
332 263
332.4101 283.0956
307.9101 283.5956
307.5 272.5
339 279
335.5231 295.8497
304.0231 289.3497
290.5 307.5
332 291
337.146 303.9429
295.646 320.4429
