352.9324 288.4002
427.7765 286.4044
428.5175 314.1933
353.6735 316.1892
358.42 287.9002
433.764 292.3919
432.2097 318.4637
356.8657 313.972
372.3909 334.8025
378.8784 259.4605
417.7048 262.8037
411.2172 338.1457
345.447 165.1559
378.8784 217.5478
361.5357 228.6142
328.1043 176.2223
344.4491 178.1289
365.9054 218.5457
338.3127 233.194
316.8564 192.7772
339.4595 183.1185
361.9137 224.5333
328.6235 242.5826
306.1692 201.1678
329.4802 185.1143
350.9366 229.5229
318.8649 245.0186
297.4086 200.61
322.4948 185.1143
342.9532 226.5291
314.8731 240.4004
294.4146 198.9856
300.5405 237.0062
315.0114 301.3732
286.2608 307.8369
271.7899 243.4699
249.6466 244.9896
272.1008 320.3337
241.2297 329.534
218.7754 254.1899
