430.7703 288.4002
464.6996 249.4813
478.8922 261.8543
444.9629 300.7732
438.2536 291.8919
463.7017 243.4938
485.6415 255.0299
460.1935 303.428
434.262 274.9272
455.7183 241.4979
472.2821 252.1293
450.8257 285.5586
253.6383 167.1518
275.0946 116.7578
302.6548 128.4921
281.1984 178.8861
238.6694 158.1705
267.1112 114.762
288.8297 128.9921
260.3879 172.4007
265.6133 167.1518
286.0717 115.7599
310.1778 125.3562
289.7194 176.7481
274.5946 165.1559
303.0364 118.7536
324.0844 131.6548
295.6426 178.0571
286.5696 171.1435
305.0322 126.737
333.7307 138.6688
315.2681 183.0752
300.5405 171.1435
326.9865 124.7412
349.2769 137.4451
322.831 183.8474
312.5156 180.1247
363.9096 163.6601
369.7658 181.9403
318.3719 198.405
261.6216 249.9792
320.001 209.5644
338.0795 235.6789
279.7 276.0936
270.6029 265.9459
309.0239 328.317
289.9304 340.0788
251.5094 277.7077
289.5634 259.9584
320.999 316.342
301.412 327.2623
269.9765 270.8787
305.5301 256.9647
328.9823 317.3399
302.7215 327.5407
279.2693 267.1654
240.6653 198.0873
255.1362 233.5146
233.5693 242.3239
219.0984 206.8967
255.6341 194.0956
266.1133 230.5208
240.7762 237.8101
230.297 201.3849
249.6466 237.0062
257.132 194.5956
281.4434 198.8866
273.958 241.2972
215.7173 209.0644
251.1445 246.4875
231.5643 265.0235
196.137 227.6004
198.7526 223.0353
241.1653 244.4917
230.8829 264.8168
188.4702 243.3604
195.7588 232.0166
232.184 250.4792
221.5648 271.4299
185.1397 252.9673
184.7817 245.9875
228.1923 255.4688
222.2149 282.8366
178.8043 273.3553
181.7879 259.9584
226.1965 261.4563
225.494 282.2817
181.0855 280.7838
174.8025 274.9272
224.2006 266.4459
228.8097 293.2911
179.4116 301.7724
176.7983 287.9002
222.2048 270.4376
231.1814 293.7788
185.775 311.2414
184.7817 295.8836
226.1965 280.4168
234.3395 302.2212
192.9248 317.688
189.7713 308.8565
222.2048 285.4064
236.152 304.6966
203.7185 328.1467
194.7609 317.8378
234.1798 286.4044
249.584 305.7219
210.1651 337.1553
189.7713 316.8399
231.1861 281.4148
243.3734 295.6627
201.9586 331.0878
