351.9345 152.683
364.9075 174.6372
348.3817 184.4025
335.4087 162.4482
345.447 158.1705
355.9262 178.6289
332.0606 190.8533
321.5814 170.3949
339.4595 162.1622
352.9324 181.6227
336.0977 193.2778
322.6247 173.8173
329.4802 169.1476
340.9574 191.6019
314.583 205.0827
303.1059 182.6284
318.5031 170.1455
331.9761 194.5956
317.856 202.3763
304.383 177.9262
312.5156 177.131
326.9865 207.5686
309.6506 215.8106
295.1797 185.3729
277.5884 189.106
287.0696 204.5748
272.8073 213.3166
263.326 197.8478
268.6071 190.104
279.0863 204.5748
269.8708 211.2483
259.3916 196.7774
221.7048 271.9335
274.0967 242.4958
287.2133 265.8403
234.8214 295.2779
223.7006 278.9189
279.0863 255.4688
289.5626 280.2122
234.1769 303.6623
231.684 287.9002
287.0696 259.4605
299.7103 284.0779
244.3247 312.5177
238.6694 296.8815
295.053 272.4335
305.5338 296.6049
249.1502 321.0529
237.6715 306.8607
289.0655 280.4168
304.4065 310.2323
253.0126 336.6762
378.3784 271.9335
401.8306 271.4356
402.0985 284.0555
378.6463 284.5534
381.3721 281.9127
398.8368 277.4231
401.9795 289.6484
384.5149 294.138
379.3763 289.896
407.8181 283.4106
411.3747 299.0081
382.9329 305.4936
382.3701 301.8711
401.8306 292.3919
410.5706 310.3349
391.1101 319.8141
384.3659 312.8482
399.8347 299.3773
407.5055 308.1858
392.0367 321.6567
387.3597 319.8337
399.8347 305.3649
416.6159 319.8336
404.1408 334.3024
398.3368 326.8191
407.8181 312.3503
421.0155 320.9985
411.5342 335.4673
407.3181 337.7963
417.7973 318.3378
428.0436 323.8559
417.5644 343.3143
414.3035 341.7879
420.7911 320.3337
434.4675 324.4693
427.98 345.9235
431.2682 320.8316
446.737 337.2983
435.827 347.5471
420.3582 331.0804
429.2723 318.8358
446.737 320.3337
445.3075 337.0007
427.8428 335.5028
427.2765 306.8607
448.7328 308.3586
447.2586 329.4763
425.8022 327.9784
438.2536 288.8981
456.7162 308.3586
443.9082 320.5099
425.4456 301.0494
451.2266 285.9044
468.6913 309.3565
455.0145 319.5415
437.5499 296.0893
462.2037 283.9085
471.685 304.3669
462.5857 308.5839
453.1044 288.1255
461.2058 274.9272
484.658 290.396
476.2709 303.1117
452.8187 287.6429
456.2162 271.9335
479.6684 272.4335
479.2576 291.7021
455.8054 291.2021
450.2287 270.9356
471.685 250.4792
486.2925 265.8008
464.8362 286.2571
458.2121 270.9356
481.6642 260.4584
487.8641 274.3364
464.412 284.8135
449.2308 268.9397
460.7079 246.4875
480.5767 256.6441
469.0995 279.0962
434.262 263.9501
441.7474 243.4938
456.083 248.7395
448.5976 269.1958
439.2516 266.9439
449.7308 242.4958
463.5195 248.4061
453.0403 272.8542
423.2848 262.9522
429.7723 240.5
449.9962 246.3436
443.5087 268.7958
410.3119 260.9563
417.7973 236.5083
440.698 243.52
433.2126 267.968
422.2869 236.0083
430.7703 257.4647
415.465 263.516
406.9816 242.0597
406.3202 234.0125
424.7827 259.4605
409.2457 270.7327
390.7831 245.2847
394.3451 242.9938
416.7994 258.4626
409.5493 268.9866
387.0951 253.5178
385.3638 250.9771
408.816 258.4626
402.9557 276.8231
379.5035 269.3376
375.3846 265.9459
401.8306 267.4439
400.79 285.8152
374.344 284.3173
376.3825 274.9272
409.8139 275.4272
409.5449 293.4155
376.1135 292.9155
