340 137
375 189
352.0547 204.4439
317.0547 152.4439
354.5 133.5
387 196
360.6659 209.6937
328.1659 147.1937
338.5 139.5
376 205
335.5827 228.1397
298.0827 162.6397
323.5 150.5
351 208
319.7231 222.9585
292.2231 165.4585
312.5 154.5
347 206
316.2489 226.6002
281.7489 175.1002
296.5 158.5
323 219
290.6151 233.1851
264.1151 172.6851
309.5 153.5
336 214
301.5805 229.0763
275.0805 168.5763
292.5 160.5
311 223
277.9779 232.7745
259.4779 170.2745
274.5 168.5
298 224
266.2874 237.4279
242.7874 181.9279
263.5 175.5
284 235
247.4804 247.5824
226.9804 188.0824
251.5 175.5
271 240
243.5729 248.2919
224.0729 183.7919
242.5 178.5
269 239
236.9537 253.0368
210.4537 192.5368
395.5 217.5
420 252
404.3169 263.1373
379.8169 228.6373
394.5 220.5
428 256
411.511 271.56
378.011 236.06
394.5 220.5
427 259
410.7542 272.714
378.2542 234.214
311.5 315.5
328 255
351.1945 261.3258
334.6945 321.8258
319.5 317.5
332 260
359.7938 266.0421
347.2938 323.5421
327.5 316.5
346 262
373.8662 271.4592
355.3662 325.9592
337.5 315.5
353 262
380.9207 270.0892
365.4207 323.5892
346.5 318.5
363 265
393.2183 274.3197
376.7183 327.8197
214.5 305.5
269 288
276.6432 311.803
222.1432 329.303
