404 188
470 235
449.4259 263.8913
383.4259 216.8913
414.5 198.5
467 250
443.0469 274.4182
390.5469 222.9182
408.5 204.5
463 256
434.2437 286.4315
379.7437 234.9315
402.5 211.5
449 262
420.8335 287.9355
374.3335 237.4355
391.5 221.5
448 268
422.5813 298.8851
366.0813 252.3851
380.5 226.5
423 282
394.9296 303.4954
352.4296 247.9954
374.5 236.5
414 284
386.4701 306.8933
346.9701 259.3933
365.5 244.5
407 294
377.1924 318.9902
335.6924 269.4902
359.5 253.5
395 303
365.4201 324.2139
329.9201 274.7139
359.5 265.5
392 301
370.7248 320.4773
338.2248 284.9773
346.5 266.5
393 315
365.9722 340.9133
319.4722 292.4133
339.5 271.5
384 316
354.9828 345.0172
310.4828 300.5172
352.5 168.5
353 211
334.6437 211.216
334.1437 168.716
316.5 211.5
342 163
362.2225 173.6325
336.7225 222.1325
319.5 213.5
343 171
363.3549 182.2551
339.8549 224.7551
214.5 221.5
240 179
262.3607 192.4164
236.8607 234.9164
223.5 232.5
260 187
283.192 205.6046
246.692 251.1046
227.5 237.5
267 189
290.5823 208.2062
251.0823 256.7062
240.5 237.5
277 195
293.2884 208.9889
256.7884 251.4889
182.5 309.5
220 267
244.0065 288.1822
206.5065 330.6822
197.5 312.5
230 268
249.2632 282.0687
216.7632 326.5687
