221.2069 278.421
300.0426 249.4813
309.3974 274.9649
230.5616 303.9046
234.6778 287.9002
299.0447 263.4522
311.7465 296.8936
247.3796 321.3416
230.6861 280.9148
295.053 260.4584
304.0243 288.6871
239.6574 309.1434
376.3825 193.0977
399.8347 180.6247
407.842 195.6803
384.3898 208.1533
375.3846 196.0915
404.8243 201.5811
401.0047 222.0652
371.565 216.5756
379.3763 203.0769
400.8326 223.5353
387.5864 237.4278
366.13 216.9693
374.3867 211.0603
388.8576 234.5125
370.3095 245.9574
355.8386 222.5052
364.4075 213.0561
376.8825 243.4938
358.2084 251.1475
345.7334 220.7098
338.4615 241.9958
350.9366 211.5603
371.5837 220.0232
359.1086 250.4588
327.4844 228.0249
342.9532 208.5665
357.0358 219.7617
341.567 239.2201
334.4699 237.0062
349.9387 211.5603
367.0993 221.9924
351.6305 247.4384
317.5052 217.0478
344.9491 205.5728
352.1098 222.6984
324.6659 234.1734
321.4969 228.0249
346.9449 208.5665
359.2185 224.6182
333.7705 244.0766
314.5114 203.0769
350.9366 201.5811
351.7242 220.7603
315.2991 222.2562
314.5114 218.0457
347.9428 203.5769
355.4214 220.8568
321.99 235.3256
315.5094 190.104
346.9449 196.5915
342.6331 217.4843
311.1976 210.9968
316.5073 202.079
347.9428 199.5852
349.531 219.6051
318.0954 222.0989
325.4886 181.1227
349.9387 194.5956
341.8653 209.2467
317.4152 195.7737
315.5094 194.0956
348.9407 196.5915
347.5214 215.6038
314.09 213.108
337.4636 170.1455
357.922 194.5956
347.0445 203.6973
326.5861 179.2472
353.4304 164.158
361.9137 190.604
342.3473 196.8805
333.864 170.4345
345.447 193.0977
362.9116 157.6726
386.6096 169.3557
369.1449 204.7808
361.4137 189.106
390.8534 167.6518
400.9651 181.5271
371.5254 202.9814
368.3992 195.0936
406.8202 180.6247
415.6125 203.9721
377.1915 218.4409
373.3888 203.0769
404.8243 214.5541
398.031 233.1609
366.5954 221.6837
381.3721 215.052
393.8472 238.5042
379.641 246.0609
367.166 222.6087
388.3576 290.894
473.6809 303.369
470.8777 322.5413
385.5544 310.0663
424.2827 269.9376
464.6996 298.3794
451.0486 317.778
410.6318 289.3362
390.3534 304.8649
470.6871 312.3503
468.6481 334.2325
388.3145 326.747
