287.0696 166.6538
314.0135 186.6123
302.0597 202.7499
275.1158 182.7915
277.5884 169.1476
301.0405 198.5873
280.8974 214.6337
257.4452 185.194
272.5988 177.131
297.0489 199.5852
282.4464 215.4857
257.9963 193.0314
266.6112 188.1081
293.0572 210.5624
278.4424 227.7752
251.9965 205.3209
261.6216 194.0956
288.0676 213.5561
272.3189 234.9579
245.873 215.4974
221.7048 223.0353
232.184 239.5021
220.2777 247.0791
209.7985 230.6123
215.7173 230.0208
231.1861 238.5042
223.6905 252.1718
208.2217 243.6884
208.7318 240
225.1985 241.4979
224.1878 252.6091
207.7211 251.1112
426.2786 221.0395
452.7245 226.5291
448.042 249.087
421.5961 243.5974
427.2765 230.0208
447.7349 246.4875
433.6738 263.9572
413.2154 247.4904
415.3015 236.0083
431.7682 253.473
418.6787 265.8146
402.2119 248.3499
406.3202 248.9813
421.789 251.4771
419.8228 263.6631
404.354 261.1673
401.3306 261.9543
422.7869 255.4688
428.2117 273.4161
406.7554 279.9016
401.3306 268.9397
423.7848 269.4397
423.3621 288.4217
400.9079 287.9217
409.3139 274.9272
417.7973 292.3919
404.0662 299.0617
395.5829 281.597
380.3742 293.8877
386.8617 272.4335
404.4749 277.7595
397.9873 299.2137
367.4012 282.9106
378.8784 266.4459
392.5035 275.9437
381.0263 292.4083
354.4283 275.9252
377.8805 260.4584
388.7859 276.9943
365.3337 292.461
349.4387 258.9605
373.8888 252.4751
378.5012 269.864
354.0511 276.3494
348.4407 244.9896
371.8929 244.4917
372.2748 262.4779
348.8226 262.9758
348.4407 233.0146
368.8992 230.5208
370.8796 246.7677
350.4211 249.2614
351.4345 215.052
371.8929 222.5374
364.3182 243.24
343.8597 235.7545
358.42 207.0686
377.8805 219.5437
367.5351 235.6819
348.0746 223.2068
370.395 198.0873
383.868 219.5437
366.4453 230.4838
352.9724 209.0274
380.3742 194.0956
394.8451 213.5561
376.1677 227.4447
361.6968 207.9842
387.3597 192.0998
396.841 219.5437
376.1546 226.6904
366.6733 199.2465
382.3701 222.0374
395.843 194.5956
411.3066 202.1877
397.8336 229.6295
394.3451 221.0395
399.8347 192.5998
416.4919 195.8151
411.0023 224.2548
398.3368 219.0437
405.8222 196.5915
423.2784 202.4113
415.793 224.8635
410.3119 218.0457
411.8098 198.5873
429.747 199.9681
428.2491 219.4266
416.2994 220.0416
430.7703 199.5852
442.1759 207.6536
427.705 228.1099
420.2911 222.0374
444.7412 206.5707
458.121 227.7218
433.6709 243.1885
427.2765 228.0249
446.737 232.5166
442.8175 249.4981
423.357 245.0064
276.5904 305.8628
329.9802 259.4605
349.5096 281.9307
296.1198 328.333
288.5655 310.8524
333.9719 268.4418
359.0922 295.3365
313.6857 337.7471
298.5447 315.842
340.9574 276.4252
359.4376 296.31
317.025 335.7268
308.5239 326.8191
347.9428 285.4064
370.6284 306.9998
331.2095 348.4125
313.5135 333.8046
362.9116 293.3898
383.1424 318.1175
333.7443 358.5322
301.5385 323.8254
343.9511 291.394
359.4054 311.6045
316.9927 344.0359
