346.9449 231.5187
383.868 200.5832
398.4964 218.0429
361.5734 248.9785
348.4407 231.0187
381.8721 213.5561
392.6185 234.1296
359.1871 251.5922
353.4304 236.0083
397.8389 222.5374
405.8509 248.9501
361.4424 262.421
358.42 238.0042
390.8534 249.4813
383.4095 270.5172
350.976 259.0401
353.4304 244.9896
395.843 250.4792
393.3198 269.9734
350.9072 264.4838
354.4283 246.9854
383.868 283.4106
362.6698 300.5435
333.2301 264.1184
350.4366 250.9771
356.9241 287.4023
337.6218 290.8401
331.1343 254.415
316.5073 279.9168
334.9699 248.4834
353.0603 259.1088
334.5977 290.5423
298.5447 256.9647
328.9823 241.4979
338.302 259.8385
307.8644 275.3053
304.5322 266.9439
332.974 245.4896
346.7042 263.6916
318.2624 285.1459
295.5509 238.0042
337.9636 237.5062
338.1638 254.5575
295.7511 255.0555
304.5322 220.0416
338.9615 237.5062
333.2511 248.7635
298.8218 231.2989
303.5343 226.0291
337.9636 237.5062
331.0207 258.3338
296.5914 246.8566
319.501 206.0707
346.9449 235.5104
333.9486 247.6256
306.5047 218.1859
342.4532 203.0769
351.9345 238.5042
335.4336 242.9203
325.9523 207.493
335.4678 239.0021
352.9324 199.5852
375.2996 209.4956
357.8349 248.9124
343.4511 236.0083
376.8825 207.5686
393.4437 227.0366
360.0123 255.4763
351.4345 238.0042
390.8534 222.5374
398.8724 242.9748
359.4535 258.4415
353.4304 239.0021
396.841 240.5
396.2215 258.4519
352.8109 256.954
352.4324 239.0021
392.8493 257.4647
383.1783 278.6357
342.7614 260.1731
403.3264 299.8753
407.8181 352.2672
385.3863 354.1903
380.8946 301.7984
403.3264 296.8815
409.8139 346.2796
376.9239 350.5991
370.4364 301.201
373.3888 299.8753
374.8867 352.2672
351.9222 352.9237
350.4243 300.5318
361.4137 301.8711
369.8971 350.2713
339.1734 355.6564
330.6901 307.2562
347.4428 303.8669
353.9304 351.2692
323.2168 355.4727
316.7293 308.0704
336.4657 303.8669
341.9553 348.2755
313.3711 351.8089
307.8815 307.4004
325.4886 302.869
327.9844 351.2692
294.1001 353.0165
291.6043 304.6163
312.5156 302.869
313.0156 353.2651
282.8145 353.5647
282.3145 303.1687
211.7256 227.027
285.0738 225.5312
285.8335 262.7821
212.4853 264.278
215.7173 235.0104
281.0821 231.5187
282.7349 262.4584
217.37 265.9501
217.7131 219.0437
285.0738 219.5437
284.8585 248.5513
217.4978 248.0513
213.7214 242.9938
287.0696 234.5125
290.4253 263.5328
217.077 272.0141
