357.922 185.6143
382.8701 176.6331
389.6388 195.4351
364.6908 204.4164
356.4241 196.0915
391.8514 199.5852
390.4872 213.4176
355.06 209.9238
359.4179 204.0748
393.8472 216.5499
388.038 232.5824
353.6087 220.1073
360.4158 207.0686
379.8763 230.5208
364.5171 243.2658
345.0566 219.8136
308.5239 231.0187
331.9761 196.5915
347.9897 207.5001
324.5375 241.9273
302.5364 209.0644
342.9532 198.5873
345.8842 209.894
305.4674 220.3711
302.5364 209.0644
336.9657 202.579
340.0235 218.812
305.5942 225.2975
305.5301 191.1019
342.9532 196.5915
340.1975 215.3772
302.7745 209.8876
321.4969 175.1351
345.947 199.5852
335.3624 210.1698
310.9123 185.7197
338.4615 168.1497
346.9449 194.5956
330.791 199.7775
322.3077 173.3316
335.4678 199.0852
341.9553 160.6663
360.677 163.8277
354.1895 202.2466
345.447 194.0956
359.9179 163.6601
381.6226 173.9798
367.1517 204.4154
352.4324 192.0998
375.8846 174.6372
389.2112 192.5348
365.7591 209.9974
357.422 196.0915
387.8597 194.5956
388.8976 215.7157
358.46 217.2116
356.4241 202.079
387.8597 218.5457
378.2242 236.9403
346.7886 220.4735
193.763 262.9522
262.1216 236.5083
270.3317 257.7318
201.9731 284.1756
204.7401 256.9647
250.1466 240.5
260.0352 267.771
214.6287 284.2356
202.7443 254.9688
259.1279 237.5062
264.9432 256.2831
208.5597 273.7457
376.3825 310.8524
385.8638 364.2422
357.7279 369.2387
348.2466 315.8489
382.3701 306.8607
384.8659 360.2505
358.9866 361.4603
356.4908 308.0705
360.4158 306.8607
366.9033 360.2505
345.5644 362.8435
339.0769 309.4537
346.4449 307.8586
352.9324 367.236
327.0638 370.0624
320.5763 310.685
333.4719 308.8565
339.9595 366.238
314.1587 369.1551
307.6712 311.7736
322.4948 308.8565
331.9761 371.2277
299.1804 376.2131
289.6991 313.842
338.4615 302.869
346.9449 370.2297
323.7673 373.1487
315.2839 305.788
