251.1445 175.6351
299.0447 158.6705
307.5776 182.7633
259.6774 199.728
260.6237 186.1123
312.0177 166.6538
323.5273 197.0532
272.1333 216.5116
262.6195 190.104
319.0031 179.6268
323.799 205.4362
267.4154 215.9134
337.4636 203.0769
377.8805 223.5353
369.2114 240.6616
328.7945 220.2032
342.4532 199.0852
377.8805 222.5374
365.1632 241.7483
329.736 218.2961
337.4636 205.0728
379.8763 211.5603
375.7995 238.2126
333.3868 231.7251
438.2536 237.0062
456.7162 312.3503
424.2212 320.313
405.7586 244.9689
182.7859 297.8794
229.1902 262.4543
248.5389 287.7996
202.1345 323.2248
192.7651 305.8628
232.184 264.4501
255.7839 286.9138
216.365 328.3265
450.2287 235.0104
460.7079 306.3628
433.8496 310.3073
423.3704 238.955
424.2827 240
445.7391 308.3586
407.4051 320.3909
385.9488 252.0322
410.3119 244.9896
429.7723 313.3482
377.5103 328.2263
358.0498 259.8677
394.3451 251.9751
413.8056 316.342
375.9568 327.7851
356.4963 263.4181
376.3825 250.9771
393.8472 324.3254
355.3817 333.4842
337.917 260.136
356.4241 249.9792
373.8888 321.3316
340.1714 329.5845
322.7067 258.2321
345.447 257.9626
361.9137 324.3254
325.7257 333.3048
309.259 266.942
331.4761 259.9584
344.9491 323.3274
302.3346 332.3878
288.8616 269.0187
319.501 264.948
336.9657 332.3087
299.6783 341.9763
282.2136 274.6156
319.501 259.9584
333.9719 337.2983
298.5372 343.9285
284.0663 266.5885
