233.1819 208.5665
255.1362 237.5062
240.8255 248.3626
218.8713 219.4229
228.6902 216.0499
249.1486 244.4917
234.0797 255.3309
213.6213 226.8891
225.6965 217.0478
245.157 246.4875
228.6327 257.4105
209.1722 227.9708
508.1081 240
529.5644 274.4293
508.1892 287.7504
486.7328 253.3211
499.1268 242.9938
523.5769 289.3981
492.3753 305.838
467.9252 259.4337
495.1351 243.9917
519.5852 286.4044
490.6906 303.0616
466.2405 260.6489
475.1767 249.9792
501.6227 299.3773
475.2587 313.4916
448.8128 264.0935
467.1933 247.9834
484.658 305.3649
468.4284 310.3045
450.9638 252.923
459.21 256.9647
489.6476 307.3607
465.3664 322.0258
434.9287 271.6298
453.2225 264.948
480.6663 311.3524
450.9984 328.8982
423.5545 282.4939
456.2162 266.9439
487.6518 314.3462
466.8602 328.1344
435.4247 280.7321
409.3139 286.9023
448.7328 330.3129
440.3094 337.9618
400.8905 294.5512
415.3015 282.9106
448.7328 330.3129
433.6957 340.9181
400.2643 293.5159
285.5717 219.0437
360.9158 191.6019
369.012 213.8306
293.6679 241.2724
294.553 151.185
340.9574 169.6476
333.6533 188.0058
287.249 169.5432
318.5031 135.2183
348.9407 165.6559
336.3772 178.2194
305.9396 147.7818
342.4532 129.2308
359.9179 171.6435
339.4295 180.0801
321.9648 137.6675
357.422 127.2349
365.9054 168.6497
342.4018 173.4642
333.9184 132.0494
349.4387 169.1476
355.9262 125.7391
380.679 129.4385
374.1915 172.847
357.422 169.1476
371.8929 129.7308
399.3169 139.7988
384.846 179.2156
366.4033 174.1372
391.8514 136.7162
413.7772 151.6268
388.3292 189.0478
372.3909 177.131
400.8326 135.7183
424.7447 152.1409
396.303 193.5536
378.3784 179.1268
416.7994 143.7017
440.7156 169.6405
402.2946 205.0656
390.3534 183.1185
435.7599 169.6476
442.1065 191.0402
396.7001 204.5111
369.3971 199.0852
422.7869 228.5249
413.4308 245.4925
360.041 216.0528
371.3929 193.0977
419.7931 238.5042
407.7137 251.38
359.3135 205.9736
366.4033 209.0644
415.8015 235.5104
410.5355 245.3466
361.1374 218.9006
492.1414 240.9979
525.5728 287.4023
508.0567 300.0215
474.6253 253.6171
