337 222
386 197
396.9451 218.4524
347.9451 243.4524
343.5 218.5
388 194
400.3245 216.3854
355.8245 240.8854
437.5 231.5
456 311
426.9435 317.7616
408.4435 238.2616
447.5 232.5
462 310
424.0197 317.106
409.5197 239.606
426.5 237.5
444 311
407.536 319.6819
390.036 246.1819
412.5 238.5
428 310
389.7727 318.287
374.2727 246.787
396.5 246.5
409 312
359.7294 321.4028
347.2294 255.9028
382.5 247.5
393 317
364.1724 321.3553
353.6724 251.8553
362.5 250.5
372 313
337.6811 318.2165
328.1811 255.7165
344.5 248.5
353 325
321.9342 328.4518
313.4342 251.9518
329.5 253.5
346 316
311.4892 325.1108
294.9892 262.6108
322.5 253.5
330 318
299.7408 321.5185
292.2408 257.0185
313.5 256.5
326 316
291.636 323.2193
279.136 263.7193
212.5 205.5
237 168
262.1289 184.4176
237.6289 221.9176
228.5 206.5
255 165
267.0674 172.7057
240.5674 214.2057
234.5 208.5
258 166
283.0598 179.8566
259.5598 222.3566
239.5 210.5
266 167
292.3639 183.0607
265.8639 226.5607
183.5 305.5
243 265
255.0421 282.6915
195.5421 323.1915
