430.7703 168.6497
452.7245 234.5125
419.4816 245.5934
397.5274 179.7307
423.2848 175.1351
439.7516 240.5
404.5272 249.3737
388.0605 184.0089
411.3098 180.1247
428.7744 242.4958
393.795 252.2905
376.3303 189.9194
400.3326 179.1268
415.8015 244.4917
381.7022 252.5614
366.2334 187.1965
387.3597 184.1164
398.8368 250.4792
360.8418 257.0503
349.3647 190.6875
374.3867 185.1143
380.8742 249.4813
343.0661 253.292
336.5785 188.925
358.42 189.106
369.8971 257.4647
330.5312 264.074
319.0541 195.7154
339.4595 193.0977
348.9407 253.473
321.4431 257.7912
311.9618 197.4159
324.4906 197.0894
336.9657 257.4647
306.2786 263.8054
293.8035 203.4301
317.5052 198.0873
324.9906 263.4522
299.8894 266.3267
292.4039 200.9619
356.4241 265.9459
383.868 292.3919
371.9546 304.7548
344.5107 278.3089
359.4179 266.9439
381.8721 301.3732
369.5307 309.4221
347.0765 274.9927
356.4241 261.9543
385.8638 297.3815
368.8224 311.5428
339.3827 276.1155
229.6881 142.2037
288.0676 123.7432
295.9422 148.646
237.5628 167.1065
237.6715 145.1975
290.0634 128.7328
299.0438 157.3092
246.6519 173.7739
243.659 151.185
301.0405 131.7266
309.3606 156.2618
251.9791 175.7203
242.6611 158.1705
295.053 145.6975
302.9144 178.7186
250.5225 191.1916
205.738 288.8981
246.1549 241.4979
265.3201 257.8396
224.9032 305.2398
228.6902 291.8919
244.159 243.4938
266.1042 250.5078
250.6354 298.9059
