334.9699 204.5748
353.9304 211.5603
349.0515 224.8029
330.091 217.8174
341.4553 205.0728
356.9241 210.5624
350.513 228.6279
335.0442 223.1383
288.5655 228.0249
325.9886 247.4854
318.1482 262.5627
280.7251 243.1022
287.5676 240
312.0177 252.4751
301.6754 272.7451
277.2253 260.2701
281.58 246.9854
305.0322 258.4626
294.4226 280.1422
270.9704 268.6651
279.5842 254.9688
305.0322 269.4397
294.2136 288.4649
268.7656 273.9941
273.5967 260.9563
299.0447 277.4231
284.8144 299.4148
259.3664 282.9481
270.6029 269.9376
288.0676 282.4127
277.8056 296.7791
260.341 284.304
405.3222 209.0644
438.7536 181.6227
453.5211 199.6133
420.0897 227.0551
405.3222 212.0582
435.7599 184.6164
449.856 200.2514
419.4183 227.6932
349.4387 256.9647
419.7931 305.3649
400.713 333.0997
330.3585 284.6995
337.4636 310.8524
378.8784 253.473
404.5941 272.0338
363.1794 329.4132
339.4595 317.8378
387.8597 256.4667
412.4641 275.871
364.0639 337.2421
355.4262 266.9439
407.8181 306.3628
394.6461 323.8698
342.2542 284.4509
