379.8763 188.6081
412.8077 164.658
425.5053 182.1173
392.5739 206.0674
385.3638 192.0998
416.7994 169.6476
432.8832 192.1668
401.4477 214.619
386.3617 196.0915
422.7869 172.6414
434.3852 190.6571
397.96 214.1072
422.2869 275.9252
446.737 216.5499
472.0748 226.9837
447.6247 286.359
433.264 277.921
459.71 233.5146
481.2985 246.3715
454.8526 290.7779
448.2328 273.9293
464.6996 235.5104
488.0842 245.5333
471.6175 283.9522
456.2162 274.9272
477.6726 234.5125
495.0342 243.7299
473.5779 284.1446
462.2037 279.9168
485.6559 239.5021
511.7788 254.6609
488.3266 295.0756
470.1871 282.9106
493.6393 239.5021
510.5959 248.6632
487.1437 292.0717
473.1809 283.9085
499.6268 241.4979
525.3806 257.5572
498.9347 299.9678
485.1559 289.896
508.6081 250.4792
530.9717 263.7851
507.5195 303.2019
493.1393 293.8877
522.579 257.4647
546.8749 277.1023
517.4352 313.5254
331.4761 268.9397
364.9075 323.3274
339.9037 338.6969
306.4724 284.3092
320.499 271.9335
355.9262 328.317
333.6183 342.3336
298.1911 285.9501
253.6383 259.9584
316.0094 265.448
314.3447 284.3616
251.9736 278.872
278.5863 210.0624
313.0156 228.5249
306.9761 239.7874
272.5468 221.3249
304.5322 196.0915
323.9927 232.5166
298.6503 246.0561
279.1898 209.6309
311.5177 194.0956
329.9802 232.5166
301.2397 246.3274
282.7771 207.9064
329.4802 195.0936
337.9636 239.5021
309.4704 244.9451
300.987 200.5366
314.5114 232.0166
325.9886 189.606
351.3283 196.4634
339.8512 238.8741
322.4948 234.0125
340.9574 194.5956
368.9867 207.7244
350.5241 247.1412
335.4678 236.0083
369.8971 203.5769
391.7287 226.7535
357.2994 259.1849
344.4491 240
394.8451 212.5582
407.0121 234.9025
356.616 262.3442
356.4241 245.9875
390.8534 220.5416
405.0017 239.6848
370.5724 265.1307
358.42 247.9834
397.8389 238.5042
403.3701 261.5057
363.9512 270.9849
365.4054 254.9688
410.8119 245.4896
415.9265 269.9892
370.52 279.4684
368.3992 261.9543
408.816 269.4397
404.4469 293.0302
364.0301 285.5447
373.3888 280.9148
399.8347 296.3836
384.2074 323.1005
357.7615 307.6316
362.4116 263.9501
408.816 269.4397
406.171 291.7979
359.7667 286.3083
