289.0655 161.6642
315.0114 175.6351
306.7353 191.0051
280.7894 177.0342
281.58 167.1518
305.0322 188.6081
294.5533 200.0618
271.1011 178.6054
279.5842 174.1372
303.0364 189.606
286.5526 214.597
263.1004 199.1282
275.5925 185.1143
294.0551 200.5832
284.9916 211.4008
266.529 195.932
267.6091 191.1019
293.0572 210.5624
280.5749 226.8851
255.1269 207.4246
261.6216 194.0956
296.0509 212.5582
287.2786 228.917
252.8493 210.4544
232.6819 222.0374
243.1611 231.5187
234.0546 241.5837
223.5754 232.1024
222.7027 234.0125
237.1736 234.5125
236.7544 246.6455
222.2835 246.1455
361.4137 235.0104
398.8368 180.6247
418.8561 194.4002
381.4331 248.7858
375.3846 231.0187
411.8098 188.6081
437.1901 210.4065
400.765 252.8171
384.3659 236.0083
415.8015 194.5956
447.2461 218.4647
415.8106 259.8774
389.3555 241.9958
421.789 191.6019
452.5984 211.4307
420.1649 261.8247
398.3368 246.9854
431.7682 198.5873
460.7861 218.6316
427.3547 267.0298
397.3389 250.9771
440.7495 200.5832
468.478 224.4692
425.0674 274.8632
375.3846 279.9168
396.841 270.4376
404.8253 288.5103
383.369 297.9895
377.3805 293.8877
401.8306 277.4231
410.1169 289.7283
385.6668 306.193
379.3763 298.8773
403.8264 285.4064
413.3242 302.6452
388.8741 316.1161
385.3638 302.869
412.8077 302.3711
413.2968 329.329
385.8529 329.8269
387.3597 315.842
409.8139 320.3337
405.8942 339.9288
383.4399 335.4371
387.3597 327.817
408.816 336.3004
400.6115 357.0515
379.1551 348.5682
377.3805 338.7942
398.8368 351.2692
387.7337 370.366
366.2773 357.8909
374.3867 350.7692
389.8555 361.2484
378.1687 378.4998
362.6999 368.0206
342.4532 372.7235
360.9158 350.2713
375.0656 361.9068
356.603 384.359
337.4636 351.7672
363.9096 347.2775
366.8974 364.8771
340.4514 369.3667
341.4553 328.815
369.8971 338.2963
363.7694 356.6779
335.3276 347.1966
343.4511 316.8399
370.895 317.3399
370.4914 339.4937
343.0475 338.9937
337.4636 315.842
354.9283 293.3898
378.5587 311.771
361.094 334.2231
321.4969 303.8669
349.9387 293.3898
355.8129 309.3363
327.3711 319.8134
328.4823 279.9168
354.9283 285.4064
351.859 300.1925
325.4131 294.7029
333.4719 264.948
360.9158 285.4064
349.1071 301.2471
321.6633 280.7887
349.4387 255.9667
363.9096 279.4189
348.1124 289.1664
333.6415 265.7142
366.4033 250.9771
370.895 279.4189
354.7283 281.9721
350.2366 253.5303
357.422 282.9106
364.9075 254.4709
387.8465 260.5085
380.3611 288.9483
364.4075 280.9148
376.8825 258.4626
396.9647 269.6208
384.4896 292.073
370.395 284.9064
396.841 269.4397
403.8399 281.4069
377.3939 296.8736
376.3825 287.9002
406.8202 279.4189
412.5714 300.0589
382.1338 308.5402
380.3742 297.8794
413.8056 298.3794
413.4313 323.4044
379.9999 322.9044
