334.9699 141.7058
364.9075 146.6954
361.2833 168.4403
331.3457 163.4507
332.474 146.1954
365.9054 162.6622
357.8108 179.0962
324.3794 162.6295
331.4761 154.1788
359.9179 172.6414
346.8324 192.7997
318.3906 174.3372
267.6091 147.1933
300.0426 136.7162
304.8343 151.5495
272.4008 162.0266
271.6008 153.1809
304.0343 142.7037
308.7167 157.1988
276.2832 167.6759
273.5967 159.1684
307.0281 146.6954
314.2194 165.9703
280.788 178.4433
276.5904 169.1476
310.0218 151.685
319.9419 170.6766
286.5105 188.1391
291.5593 190.104
344.9491 192.5998
343.9694 213.557
290.5796 211.0612
405.3222 213.0561
414.8035 252.4751
394.2214 257.4256
384.7401 218.0067
388.3576 211.0603
402.8285 252.4751
378.9958 260.8025
364.5249 219.3877
401.3306 209.0644
408.816 253.473
384.4722 257.5763
376.9868 213.1678
376.3825 214.0541
388.8576 252.4751
368.7456 259.0053
356.2706 220.5843
365.4054 221.0395
376.8825 251.4771
358.9216 258.2497
347.4445 227.812
359.4179 225.0312
368.8992 257.4647
344.0324 264.734
334.5511 232.3005
350.4366 223.0353
360.9158 258.4626
337.9095 265.2677
327.4303 229.8405
200.7484 236.0083
245.157 202.579
258.3196 220.0646
213.9111 253.4939
210.7277 245.9875
249.1486 215.552
263.9296 234.211
225.5086 264.6466
216.7152 240.9979
256.1341 212.5582
269.4485 231.0127
230.0296 259.4524
225.6965 248.9813
265.1154 226.5291
276.6455 246.7724
237.2266 269.2246
229.6881 255.9667
267.1112 229.5229
281.8611 250.3967
244.438 276.8406
241.6632 273.9293
283.078 250.4792
292.1444 266.4913
250.7297 289.9414
252.6403 282.9106
289.0655 252.4751
300.8639 266.5954
264.4388 297.031
261.6216 286.9023
293.0572 259.4605
305.6636 273.9016
274.228 301.3434
267.6091 291.8919
300.0426 267.4439
309.5403 280.0437
277.1068 304.4917
275.5925 297.8794
307.0281 274.4293
319.9364 291.7334
288.5009 315.1835
278.5863 305.8628
310.0218 284.4085
322.3593 302.4858
290.9237 323.9401
