365.9054 194.5956
437.7557 215.552
431.5077 236.9736
359.6574 216.0173
369.3971 190.104
439.7516 208.5665
431.1356 241.3988
360.7812 222.9363
363.4096 242.9938
396.841 172.6414
420.4998 183.884
387.0684 254.2364
371.3929 246.9854
392.8493 183.6185
425.1111 194.5425
403.6548 257.9095
378.3784 251.9751
401.8306 181.6227
428.9401 190.6597
405.4879 261.0121
259.6258 193.0977
289.0655 166.6538
300.2439 179.0987
270.8042 205.5426
261.6216 200.0832
294.0551 162.6622
313.3252 179.3639
280.8918 216.7849
248.6486 267.9418
254.1383 253.473
269.1828 259.181
263.6932 273.6498
252.6403 270.9356
258.1299 248.4834
276.7761 253.0424
271.2865 275.4946
243.659 271.9335
248.1507 253.473
260.4157 256.4572
255.924 274.9177
281.58 305.8628
285.0738 265.448
304.9829 267.1691
301.4891 307.5839
291.5593 305.8628
299.0447 268.4418
322.5703 273.1477
315.0848 310.5687
305.5301 302.869
307.0281 270.4376
327.3601 271.3767
325.8621 303.8081
313.5135 300.8732
315.0114 271.4356
339.6667 272.6901
338.1688 302.1278
321.4969 298.8773
322.9948 273.4314
343.1416 274.6174
341.6437 300.0633
327.4844 297.8794
332.974 280.4168
353.9178 287.0008
348.4282 304.4634
336.4657 301.8711
337.9636 277.4231
365.1506 279.0888
363.6527 303.5368
336.4657 303.8669
352.9324 275.4272
363.0037 281.2586
346.537 309.6983
