462 257
473 287
452.776 294.4155
441.776 264.4155
445.5 257.5
451 286
429.4656 290.1558
423.9656 261.6558
437.5 262.5
448 291
413.587 303.6785
403.087 275.1785
423.5 264.5
426 292
409.425 293.5068
406.925 266.0068
410.5 265.5
417 298
397.4621 301.9076
390.9621 269.4076
363.5 263.5
369 278
357.6253 282.3146
352.1253 267.8146
355.5 264.5
362 278
346.8965 285.2721
340.3965 271.7721
355.5 261.5
365 276
348.5661 286.767
339.0661 272.267
334.5 230.5
339 172
351.9617 172.9971
347.4617 231.4971
338.5 227.5
345 170
366.8608 172.4712
360.3608 229.9712
348.5 227.5
357 166
382.4678 169.5199
373.9678 231.0199
365.5 228.5
368 171
394.993 172.1736
392.493 229.6736
374.5 227.5
380 173
409.9973 176.0272
404.4973 230.5272
248.5 227.5
271 209
283.2 223.8378
260.7 242.3378
261.5 236.5
276 217
288.2227 226.0887
273.7227 245.5887
267.5 239.5
289 227
297.8923 242.2947
276.3923 254.7947
276.5 251.5
294 246
297.7087 257.8003
280.2087 263.3003
275.5 258.5
298 260
297.1251 273.1238
274.6251 271.6238
279.5 264.5
294 276
283.8844 288.7544
269.3844 277.2544
254.5 282.5
266 261
282.2114 269.6712
270.7114 291.1712
246.5 264.5
264 254
273.2036 269.3393
255.7036 279.8393
238.5 261.5
251 237
268.018 245.6826
255.518 270.1826
240.5 239.5
244 262
232.7337 263.7525
229.2337 241.2525
230.5 242.5
242 261
230.4485 268.1807
218.9485 249.6807
225.5 244.5
228 272
219.7877 272.7466
217.2877 245.2466
197.5 266.5
209 244
221.1112 250.1902
209.6112 272.6902
186.5 253.5
210 239
220.8126 256.5239
197.3126 271.0239
194.5 260.5
207 241
222.8845 251.1824
210.3845 270.6824
182.5 234.5
210 234
210.3924 255.5835
182.8924 256.0835
185.5 217.5
214 230
208.763 241.9404
180.263 229.4404
178.5 229.5
209 230
208.6881 249.0237
178.1881 248.5237
199.5 208.5
216 224
204.0427 236.7288
187.5427 221.2288
215.5 206.5
226 230
211.5641 236.4501
201.0641 212.9501
227.5 201.5
233 224
212.1432 229.0983
206.6432 206.5983
220.5 228.5
232 203
250.2545 211.2324
238.7545 236.7324
231.5 228.5
239 203
259.2378 208.9523
251.7378 234.4523
238.5 227.5
255 203
269.2702 212.6105
252.7702 237.1105
245.5 226.5
260 214
272.2676 228.2304
257.7676 240.7304
253.5 234.5
272 216
285.6015 229.6015
267.1015 248.1015
259.5 237.5
279 226
290.6947 245.8301
271.1947 257.3301
