476.6746 251.4771
495.6351 230.5208
517.399 250.2119
498.4385 271.1683
488.1497 252.973
511.6019 233.5146
531.2316 257.1732
507.7794 276.6316
496.1331 257.9626
517.5894 249.4813
527.4601 274.4525
506.0037 282.9338
506.1123 267.9418
528.5665 260.4584
536.9678 285.667
514.5136 293.1504
515.0936 279.9168
538.5457 277.4231
541.1131 301.5674
517.6609 304.0612
512.0998 291.8919
544.5333 295.3857
541.966 319.2187
509.5325 315.7249
517.0894 307.8586
540.5416 323.3274
525.7469 345.7575
502.2948 330.2887
510.104 320.8316
527.5686 338.2963
509.9277 355.9372
492.463 338.4725
494 264
521 252
533.3522 279.7925
506.3522 291.7925
512.5 326.5
527 344
512.6768 355.8678
498.1768 338.3678
504.5 332.5
519 358
499.1771 369.2718
484.6771 343.7718
476.5 370.5
484 337
505.0656 341.7162
497.5656 375.2162
448.5 367.5
464 342
488.1695 356.6913
472.6695 382.1913
426.5 358.5
444 338
461.9016 353.2818
444.4016 373.7818
410.5 345.5
430 327
448.532 346.5337
429.032 365.0337
396.5 334.5
420 317
435.4944 337.8068
411.9944 355.3068
389.5 317.5
417 309
425.8592 337.6621
398.3592 346.1621
384.5 302.5
410 296
417.0731 323.7484
391.5731 330.2484
380.5 282.5
410 286
407.5007 307.0655
378.0007 303.5655
385.5 262.5
408 269
401.6106 291.1173
379.1106 284.6173
398.5 248.5
420 261
409.2083 279.5618
387.7083 267.0618
418.5 232.5
435 248
419.9683 264.0015
403.4683 248.5015
433.5 220.5
446 241
424.9128 253.8581
412.4128 233.3581
450.5 218.5
460 241
437.585 250.4641
428.085 227.9641
441.5 242.5
456 216
470.2808 223.814
455.7808 250.314
454.5 240.5
462 217
487.223 225.0499
479.723 248.5499
476.5 241.5
485 223
506.9592 233.0893
498.4592 251.5893
486.5 247.5
503 232
522.3897 252.6407
505.8897 268.1407
443.5 143.5
468 140
469.2728 148.9095
444.7728 152.4095
446.5 159.5
460 173
448 185
434.5 171.5
417.5 181.5
426 160
444.0566 167.1386
435.5566 188.6386
401.5 163.5
418 154
427.2004 169.9797
410.7004 179.4797
398.5 144.5
422 147
420.2943 163.034
396.7943 160.534
403.5 131.5
420 142
409.913 157.851
393.413 147.351
419.5 123.5
431 140
419.168 148.2465
407.668 131.7465
433.5 120.5
438 141
422.8369 144.3285
418.3369 123.8285
426.5 141.5
440 120
452.1256 127.6138
438.6256 149.1138
437.5 142.5
456 128
464.9819 139.4597
446.4819 153.9597
442.5 142.5
474 141
474.6183 153.9853
443.1183 155.4853
319.5 166.5
354 152
358.4177 162.5111
323.9177 177.0111
322.5 174.5
344 160
356.0961 177.9356
334.5961 192.4356
330.5 182.5
347 170
358.6624 185.3944
342.1624 197.8944
341.5 191.5
362 175
372.4355 187.9653
351.9355 204.4653
349.5 213.5
380 193
390.286 208.3035
359.786 228.8035
358.5 221.5
385 200
398.8322 217.049
372.3322 238.549
366.5 229.5
393 207
405.5669 221.8011
379.0669 244.3011
373.5 232.5
401 210
411.0124 222.2373
383.5124 244.7373
318.5 254.5
341 252
341.8835 259.9511
319.3835 262.4511
347.5 248.5
366 261
358.4887 272.1167
339.9887 259.6167
336.5 289.5
364 272
372.195 284.8779
344.695 302.3779
342.5 296.5
365 280
374.6267 293.1273
352.1267 309.6273
348.5 300.5
375 285
383.6274 299.7502
357.1274 315.2502
351.5 302.5
383 297
385.557 311.6445
354.057 317.1445
356.5 310.5
386 300
392.4762 318.195
362.9762 328.695
362.5 316.5
384 315
384.841 327.0537
363.341 328.5537
318.5 272.5
336 293
323.6189 303.5692
306.1189 283.0692
311.5 277.5
327 296
313.1814 307.5778
297.6814 289.0778
302.5 286.5
322 299
312.093 314.4548
292.593 301.9548
286.5 290.5
322 310
310.0412 331.7712
274.5412 312.2712
247.5 158.5
325 193
310.8126 224.8703
233.3126 190.3703
241.5 156.5
320 201
301.6935 233.2935
223.1935 188.7935
215.5 274.5
247 288
238.6903 307.3894
207.1903 293.8894
213.5 286.5
232 307
214.6687 322.6405
196.1687 302.1405
201.5 294.5
210 317
193.6627 323.1719
185.1627 300.6719
169.5 321.5
187 298
203.995 310.6558
186.495 334.1558
162.5 297.5
186 292
189.9798 309.0047
166.4798 314.5047
162.5 273.5
190 278
187.0932 295.7637
159.5932 291.2637
171.5 265.5
192 276
184.9229 289.8172
164.4229 279.3172
