318.0052 227.527
371.8929 178.6289
388.0985 196.4881
334.2108 245.3863
330.4782 233.0146
381.8721 191.6019
404.8949 220.1735
353.5009 261.5862
341.4553 239.0021
385.8638 197.5894
409.3318 222.7551
364.9233 264.1678
354.4283 243.9917
393.8472 199.5852
418.4638 221.4371
379.0449 265.8435
366.4033 252.973
405.8222 206.5707
432.014 228.8207
392.5951 275.223
375.3846 261.9543
416.7994 213.5561
444.7712 237.4919
403.3565 285.8901
389.3555 271.9335
421.789 231.5187
449.6013 253.8385
417.1678 294.2533
397.3389 280.9148
429.7723 228.5249
462.4142 248.7329
429.9808 301.1227
404.3243 292.8898
449.7308 241.4979
484.5596 272.2704
439.1532 323.6622
420.2911 298.8773
464.6996 246.4875
492.3776 269.9489
447.9691 322.3387
428.2744 307.8586
468.6913 251.4771
500.2809 274.122
459.8641 330.5035
339.4595 281.9127
370.895 299.3773
359.5809 319.7422
328.1454 302.2775
335.4678 277.921
373.8888 310.3545
359.9631 326.8509
321.5421 294.4174
336.4657 280.9148
371.8929 307.3607
357.9186 326.0808
322.4914 299.6349
269.605 167.1518
301.0405 201.5811
287.5925 213.8598
256.1569 179.4305
265.6133 168.1497
299.0447 206.5707
276.6996 226.0139
243.2682 187.5929
269.605 242.9938
287.0696 299.3773
261.9034 307.1725
244.4387 250.7889
286.5696 240
297.0489 293.3898
270.9747 298.5076
260.4955 245.1178
270.6029 240
286.0717 303.369
248.7761 312.4732
233.3072 249.1041
262.6195 240
272.1008 300.3753
248.6677 304.0552
239.1864 243.6799
250.6445 242.9938
265.1154 297.3815
232.3694 306.0942
217.8985 251.7065
293.5551 242.9938
298.0468 295.3857
277.5493 297.143
273.0576 244.7511
