413.8056 231.5187
445.7391 211.5603
457.9152 231.0421
425.9817 251.0005
415.3015 235.0104
452.7245 221.5395
461.0378 244.6344
423.6148 258.1053
415.3015 240
462.7037 246.4875
460.1009 265.5056
412.6986 259.0181
422.2869 243.9917
443.7432 271.4356
428.7236 283.1783
407.2672 255.7345
412.3077 247.9834
427.7765 282.4127
404.1096 293.046
388.6408 258.6167
381.3721 281.9127
397.8389 241.4979
415.1035 248.5323
398.6368 288.9471
384.3659 284.9064
401.8306 249.4813
421.1522 259.0069
403.6876 294.4321
360.4158 252.973
405.8222 237.5062
412.587 257.3658
367.1805 272.8325
366.4033 240
403.8264 238.5042
404.6003 257.8648
367.1772 259.3607
373.3888 216.0499
404.8243 231.5187
396.8935 247.6357
365.4579 232.1668
366.4033 237.0062
397.8389 236.5083
398.1358 255.2552
366.7003 255.7531
391.3514 203.0769
409.8139 232.5166
394.7616 241.9564
376.299 212.5167
413.3056 199.0852
418.7952 233.5146
397.9134 236.8441
392.4238 202.4148
401.3306 235.0104
419.7931 199.5852
442.1982 211.2621
423.7356 246.6873
412.3077 234.0125
447.7349 210.5624
460.1984 229.3915
424.7711 252.8416
416.2994 234.0125
456.7162 232.5166
457.5052 253.8352
417.0884 255.331
420.2911 240.9979
457.7141 254.4709
450.1556 275.4659
412.7325 261.9929
283.5759 203.0769
329.9802 205.5728
329.1639 220.7507
282.7595 218.2549
286.5696 199.0852
343.9511 202.579
342.5829 225.0515
285.2014 221.5577
284.5738 225.0312
339.9595 230.5208
337.078 259.592
281.6924 254.1024
287.5676 238.0042
330.9782 241.4979
328.8586 267.8341
285.448 264.3404
281.58 245.9875
333.9719 254.4709
329.2134 283.859
276.8215 275.3756
283.5759 258.9605
324.9906 260.4584
323.9079 290.3931
282.4932 288.8952
280.5821 271.9335
330.9782 278.421
327.4015 306.2047
277.0055 299.7172
278.5863 273.9293
332.974 280.4168
329.5382 309.2211
275.1504 302.7336
191.7672 222.0374
265.1154 230.5208
261.3318 263.2341
187.9836 254.7507
195.7588 212.0582
262.1216 226.5291
255.0766 258.8371
188.7138 244.3662
189.7713 235.0104
253.1403 238.5042
251.1934 273.8169
187.8244 270.3232
189.7713 240
259.1279 245.4896
256.8431 274.3562
187.4865 268.8666
