374 161
379 112
405.8605 114.7409
400.8605 163.7409
385.5 158.5
404 117
428.9298 128.1133
410.4298 169.6133
398.5 162.5
417 118
445.3255 129.7758
426.8255 174.2758
407.5 164.5
443 129
462.2354 148.2354
426.7354 183.7354
418.5 168.5
472 157
475.5726 173.6204
422.0726 185.1204
343.5 127.5
384 159
372.58 173.6828
332.08 142.1828
326.5 149.5
378 161
374.7602 175.5087
323.2602 164.0087
369.5 119.5
392 159
371.6591 170.5866
349.1591 131.0866
319.5 171.5
370 161
372.7688 174.3167
322.2688 184.8167
329.5 206.5
398 179
408.6684 205.5741
340.1684 233.0741
414.5 182.5
462 215
445.1539 239.6213
397.6539 207.1213
287.5 240.5
336 227
342.5958 250.6959
294.0958 264.1959
286.5 250.5
342 237
350.668 272.6352
295.168 286.1352
291.5 263.5
339 252
346.91 284.6716
299.41 296.1716
293.5 279.5
347 270
350.8344 291.5939
297.3344 301.0939
298.5 295.5
363 284
367.0523 306.7284
302.5523 318.2284
266.5 192.5
273 233
256.1279 235.7079
249.6279 195.2079
257.5 192.5
264 237
246.1615 239.6056
239.6615 195.1056
256.5 192.5
260 235
238.532 236.768
235.032 194.268
