331.9761 237.5062
376.8825 185.6143
394.434 200.8031
349.5276 252.695
349.4387 240
388.8576 192.5998
409.8 210.0159
370.3811 257.4161
366.4033 247.9834
396.841 200.5832
423.1948 217.506
392.7572 264.9063
379.3763 253.9709
411.8098 202.579
437.5733 218.8384
405.1399 270.2303
392.3493 259.9584
419.7931 215.552
443.953 230.4831
416.5091 274.8896
404.3243 265.9459
430.7703 218.5457
454.2351 231.6374
427.7891 279.0376
298.5447 291.8919
374.8867 292.3919
374.7171 318.2796
298.3751 317.7796
313.5135 296.8815
383.868 292.3919
385.5638 318.9657
315.2093 323.4553
353.4304 262.9522
360.9158 337.2983
331.6968 340.2402
324.2114 265.8941
215.7173 200.0832
286.0717 221.5395
275.9457 254.7425
205.5912 233.2861
196.7568 241.9958
285.0738 254.4709
281.9249 276.7637
193.6078 264.2887
