342.9532 124.7412
392.8493 181.6227
365.2649 205.8195
315.3688 148.938
329.4802 125.2391
379.8763 201.5811
353.8581 218.7566
303.462 142.4146
356.4241 123.2432
393.8472 189.606
372.0642 201.8898
334.6411 135.527
266.6112 191.1019
294.0551 193.5977
292.3378 212.4803
264.894 209.9844
265.6133 194.0956
287.0696 216.5499
274.7832 228.2903
253.3268 205.8361
263.6175 203.0769
279.0863 223.5353
259.4266 238.4002
243.9578 217.9418
251.6424 205.0728
262.1216 237.5062
248.2954 241.9735
237.8162 209.54
244.657 213.0561
245.157 242.4958
233.0185 242.702
232.5185 213.2623
207.7339 237.0062
227.1944 213.5561
244.9235 228.2689
225.463 251.719
200.7484 216.0499
238.1715 211.5603
239.6418 223.816
202.2187 228.3056
204.7401 197.0894
229.1902 208.5665
221.1223 225.7539
196.6722 214.2767
213.7214 188.1081
238.1715 200.5832
229.6503 217.2841
205.2002 204.8091
222.7027 179.1268
244.159 196.5915
230.3285 213.5831
208.8722 196.1184
231.684 169.1476
247.1528 185.6143
228.9114 202.7503
213.4426 186.2835
251.6424 164.158
262.1216 188.6081
244.7185 196.067
234.2393 171.6169
340.4574 252.973
356.9241 273.4314
344.1031 283.7509
327.6364 263.2925
329.4802 258.9605
349.9387 283.4106
331.5068 298.8333
311.0484 274.3832
337.4636 256.9647
352.9324 277.4231
331.4258 293.6845
315.957 273.226
322.4948 268.9397
339.9595 287.4023
321.2505 305.1
303.7859 286.6374
314.5114 274.9272
330.9782 294.3877
311.0401 311.2586
294.5733 291.7981
289.5634 290.894
314.0135 321.3316
297.9747 334.2153
273.5246 303.7777
282.578 297.8794
306.0301 328.317
289.5811 340.991
266.1289 310.5534
278.5863 304.8649
301.0405 331.3108
287.0758 343.1677
264.6216 316.7218
275.5925 309.8545
297.0489 337.2983
283.684 347.7473
262.2277 320.3034
268.6071 309.8545
289.0655 337.2983
270.8034 350.912
250.345 323.4682
263.6175 311.8503
288.0676 343.2859
272.4717 355.4161
248.0216 323.9805
426.2786 248.9813
443.7432 285.4064
415.5022 298.9471
398.0375 262.522
418.2952 258.9605
442.7453 287.4023
423.8269 303.6656
399.3768 275.2238
408.316 265.9459
432.7661 296.3836
415.1621 310.5247
390.7119 280.087
399.3347 266.9439
422.7869 301.3732
405.2523 313.3172
381.8001 278.8879
