206 244
252 174
276.6922 190.2263
230.6922 260.2263
201.5 232.5
261 179
282.6038 203.0266
223.1038 256.5266
220.5 241.5
256 176
282.2283 190.2153
246.7283 255.7153
422.5 174.5
438 164
448.5374 179.5552
433.0374 190.0552
426.5 177.5
452 184
447.9791 199.7744
422.4791 193.2744
426.5 185.5
450 200
438.4835 218.6647
414.9835 204.1647
423.5 191.5
438 213
420.9284 224.5134
406.4284 203.0134
420.5 194.5
424 222
409.6932 223.8209
406.1932 196.3209
388.5 217.5
397 190
417.6243 196.3748
409.1243 223.8748
379.5 206.5
397 191
409.1717 204.7423
391.6717 220.2423
368.5 188.5
396 183
399.334 199.6699
371.834 205.1699
373.5 200.5
395 189
405.8583 209.3002
384.3583 220.8002
369.5 176.5
396 178
395.1355 193.2726
368.6355 191.7726
376.5 160.5
398 171
388.3756 190.7071
366.8756 180.2071
362.5 186.5
397 182
399.768 203.2212
365.268 207.7212
387.5 154.5
407 175
394.5342 186.8577
375.0342 166.3577
403.5 147.5
411 170
396.519 174.827
389.019 152.327
403.5 173.5
415 143
441.614 153.0348
430.114 183.5348
415.5 167.5
441 147
453.5311 162.5875
428.0311 183.0875
419.5 174.5
452 168
455.5301 185.6505
423.0301 192.1505
423.5 181.5
457 186
454.6409 203.5623
421.1409 199.0623
423.5 190.5
442 203
432.9552 216.3863
414.4552 203.8863
316.5 256.5
374 257
373.878 271.0351
316.378 270.5351
310.5 275.5
382 275
382.1259 292.9996
310.6259 293.4996
207.5 238.5
253 178
277.7883 196.6424
232.2883 257.1424
200.5 233.5
243 183
265.2408 201.7175
222.7408 252.2175
312.5 250.5
366 248
367.2944 275.7006
313.7944 278.2006
