375 166
413 176
407.1855 198.0951
369.1855 188.0951
373.5 174.5
413 191
406.5388 206.4678
367.0388 189.9678
372.5 184.5
406 198
397.4602 219.1913
363.9602 205.6913
370.5 194.5
404 210
396.1553 226.9547
362.6553 211.4547
367.5 202.5
403 215
395.8304 235.3617
360.3304 222.8617
362.5 209.5
400 223
391.8075 245.757
354.3075 232.257
362.5 213.5
399 230
392.358 244.693
355.858 228.193
356.5 326.5
363 287
384.5505 290.5463
378.0505 330.0463
331.5 319.5
340 280
361.3516 284.5946
352.8516 324.0946
338.5 321.5
349 285
369.9891 291.038
359.4891 327.538
347.5 320.5
356 283
380.0872 288.4598
371.5872 325.9598
318.5 315.5
329 274
354.5943 280.4757
344.0943 321.9757
281.5 314.5
297 261
321.9176 268.2191
306.4176 321.7191
286.5 314.5
305 266
323.4043 273.0202
304.9043 321.5202
267.5 311.5
278 263
303.8769 268.6022
293.3769 317.1022
252.5 305.5
261 258
281.5541 261.6781
273.0541 309.1781
262.5 309.5
275 261
298.581 267.0776
286.081 315.5776
280.5 149.5
318 137
323.9666 154.8997
286.4666 167.3997
285.5 156.5
321 146
326.6513 165.1066
291.1513 175.6066
288.5 156.5
327 159
325.7024 178.9829
287.2024 176.4829
291.5 161.5
329 166
326.9432 183.1397
289.4432 178.6397
231.5 184.5
255 155
268.6822 165.8994
245.1822 195.3994
238.5 193.5
256 166
273.062 176.8576
255.562 204.3576
249.5 199.5
271 163
285.3404 171.4471
263.8404 207.9471
259.5 204.5
272 173
292.0218 180.9452
279.5218 212.4452
280.5 207.5
326 183
338.5166 206.2451
293.0166 230.7451
260.5 204.5
271 172
289.0548 177.8331
278.5548 210.3331
