397.8389 279.4189
430.7703 255.4688
443.8027 273.3883
410.8713 297.3384
400.3326 290.894
436.7578 265.448
449.3436 283.4642
412.9184 308.9102
410.3119 296.8815
443.7432 272.4335
455.3614 288.3207
421.93 312.7687
418.2952 301.8711
444.7412 278.421
461.5949 297.4278
435.1489 320.878
315.5094 244.9896
338.9615 263.4522
328.0408 277.3243
304.5886 258.8618
310.5198 252.973
330.9782 274.4293
316.3541 288.3732
295.8957 266.9169
305.5301 262.9522
319.0031 278.421
305.6898 290.0165
292.2169 274.5477
298.5447 263.9501
307.0281 282.4127
290.6809 289.924
282.1975 271.4615
283.5759 273.9293
292.0593 295.3857
276.093 301.6984
267.6097 280.242
254.6362 296.8815
266.1133 277.4231
281.6089 286.5628
270.1318 306.0213
253.6383 272.9314
267.1112 274.4293
265.5324 288.6299
252.0594 287.132
248.6486 252.973
269.1071 260.4584
261.8981 280.1611
241.4397 272.6756
255.6341 237.0062
275.0946 251.4771
263.111 267.5927
243.6505 253.1218
264.6154 227.027
288.0676 245.4896
273.9915 263.3699
250.5393 244.9073
280.5821 216.0499
291.0613 231.5187
271.1641 244.9979
260.6849 229.5291
295.5509 206.0707
297.0489 229.5229
280.4739 230.5815
278.976 207.1293
277.5884 216.0499
290.0634 230.5208
273.4695 244.826
260.9945 230.3551
368.3992 158.1705
419.7931 227.527
392.3679 247.8494
340.974 178.4929
385.3638 160.1663
420.7911 214.5541
395.7059 230.8941
360.2787 176.5064
361.4137 164.158
405.8222 234.5125
373.744 254.7606
329.3355 184.4061
402.3285 281.9127
428.7744 261.4563
443.9406 281.0631
417.4946 301.5195
410.3119 296.8815
439.7516 276.4252
455.706 299.3859
426.2663 319.8423
286.5696 185.1143
293.0572 204.5748
276.8799 209.9678
270.3924 190.5073
279.5842 185.1143
284.0759 206.5707
265.2117 210.5197
260.7201 189.0634
269.605 188.1081
276.0925 211.5603
256.9288 216.8615
250.4413 193.4093
263.6175 189.106
266.1133 217.5478
249.1844 219.0334
246.6885 190.5916
252.6403 187.1102
258.1299 212.5582
238.9648 216.6925
233.4751 191.2445
247.6507 187.1102
253.1403 213.5561
233.9435 217.541
228.4539 191.095
217.7131 183.1185
224.2006 219.5437
203.9467 223.151
197.4592 186.7258
212.7235 192.0998
219.211 222.5374
190.8399 228.5845
184.3523 198.1469
203.7422 190.104
208.2339 226.5291
182.9831 229.6429
178.4914 193.2177
191.7672 193.0977
195.2609 227.527
176.1636 229.465
172.6698 195.0356
