432 282
459 262
466.4582 272.0685
439.4582 292.0685
398.5 247.5
428 219
443.0311 234.5585
413.5311 263.0585
404.5 252.5
428 232
442.2211 248.3022
418.7211 268.8022
407.5 257.5
442 236
450.9912 250.4277
416.4912 271.9277
414.5 262.5
432 239
447.4276 250.4886
429.9276 273.9886
420.5 265.5
445 248
454.8639 261.8095
430.3639 279.3095
432.5 272.5
449 254
463.9259 267.3123
447.4259 285.8123
436.5 276.5
457 262
465.3283 273.7745
444.8283 288.2745
440.5 283.5
458 270
466.2175 280.6523
448.7175 294.1523
441.5 286.5
465 269
472.192 278.6579
448.692 296.1579
390.5 198.5
401 190
405.5806 195.6584
395.0806 204.1584
393.5 199.5
406 190
413.2862 199.5871
400.7862 209.0871
396.5 202.5
413 196
417.6938 207.915
401.1938 214.415
289.5 338.5
339 275
362.7261 293.4952
313.2261 356.9952
297.5 341.5
339 282
368.068 302.2743
326.568 361.7743
302.5 347.5
348 286
367.708 300.5807
322.208 362.0807
300.5 284.5
379 333
367.0028 352.4182
288.5028 303.9182
307.5 282.5
390 337
376.3086 357.7255
293.8086 303.2255
302.5 286.5
372 339
350.5959 367.3349
281.0959 314.8349
258.5 201.5
266 241
254.5428 243.1754
247.0428 203.6754
249.5 198.5
268 248
247.4562 255.678
228.9562 206.178
