386 265
396 340
360.2608 344.7652
350.2608 269.7652
374.5 267.5
386 323
347.0037 331.0803
335.5037 275.5803
371.5 270.5
377 332
347.0364 334.6797
341.5364 273.1797
358.5 269.5
379 326
346.654 337.7362
326.154 281.2362
229.5 217.5
292 212
294.0633 235.4466
231.5633 240.9466
236.5 236.5
289 243
285.3036 272.8553
232.8036 266.3553
240.5 249.5
293 249
293.2958 280.063
240.7958 280.563
240.5 261.5
290 267
287.0163 293.8533
237.5163 288.3533
237.5 275.5
283 275
283.347 306.5734
237.847 307.0734
239.5 289.5
286 288
287.0041 319.1286
240.5041 320.6286
237.5 283.5
283 285
281.8792 318.9962
236.3792 317.4962
360.5 185.5
382 158
398.5627 170.949
377.0627 198.449
361.5 184.5
401 175
406.9617 199.7883
367.4617 209.2883
367.5 188.5
411 213
396.2779 239.1392
352.7779 214.6392
365.5 196.5
384 230
366.7569 239.5223
348.2569 206.0223
328.5 232.5
344 195
362.157 202.5049
346.657 240.0049
312.5 210.5
347 190
359.3023 210.7039
324.8023 231.2039
311.5 178.5
360 188
357.6223 200.1386
309.1223 190.6386
323.5 161.5
356 187
346.0465 199.6858
313.5465 174.1858
342.5 153.5
360 188
343.9224 196.1553
326.4224 161.6553
347.5 193.5
350 155
378.9563 156.8803
376.4563 195.3803
360.5 185.5
379 157
403.0336 172.6008
384.5336 201.1008
364.5 185.5
404 174
409.5976 193.2267
370.0976 204.7267
364.5 187.5
407 186
407.6359 204.0165
365.1359 205.5165
