515 235
536 215
550.4992 230.2241
529.4992 250.2241
527.5 237.5
544 221
568.0416 245.0416
551.5416 261.5416
541.5 246.5
565 232
578.6225 254.0778
555.1225 268.5778
546.5 258.5
573 256
574.9363 276.5244
548.4363 279.0244
557.5 271.5
584 269
586.2107 292.4332
559.7107 294.9332
560.5 286.5
589 290
585.9895 314.514
557.4895 311.014
556.5 299.5
576 314
561.4693 333.5412
541.9693 319.0412
552.5 316.5
565 333
550.3456 344.1018
537.8456 327.6018
542.5 321.5
554 341
535.0304 352.1872
523.5304 332.6872
530.5 326.5
535 352
518.7585 354.8661
514.2585 329.3661
496.5 355.5
505 329
521.2156 334.2012
512.7156 360.7012
473.5 345.5
483 325
501.3492 333.5033
491.8492 354.0033
482.5 348.5
488 331
505.539 336.5122
500.039 354.0122
454.5 333.5
472 317
485.992 331.84
468.492 348.34
444.5 320.5
462 307
477.6442 327.2795
460.1442 340.7795
433.5 308.5
457 295
466.2657 311.1291
442.7657 324.6291
427.5 292.5
451 285
458.5092 308.5289
435.0092 316.0289
421.5 272.5
447 273
446.4975 298.6271
420.9975 298.1271
427.5 254.5
455 258
450.7055 291.7425
423.2055 288.2425
433.5 239.5
456 249
447.3023 269.5998
424.8023 260.0998
439.5 228.5
459 242
449.8218 255.2575
430.3218 241.7575
452.5 221.5
468 237
455.2525 249.7475
439.7525 234.2475
464.5 210.5
478 230
459.9679 242.4837
446.4679 222.9837
479.5 209.5
488 225
466.5943 236.7386
458.0943 221.2386
477.5 229.5
490 203
506.8962 210.9699
494.3962 237.4699
491.5 224.5
498 201
519.9783 207.0791
513.4783 230.5791
501.5 229.5
516 207
534.8895 219.1732
520.3895 241.6732
514.5 232.5
530 210
550.2556 223.9539
534.7556 246.4539
524.5 236.5
549 217
556.4989 226.4216
531.9989 245.9216
541.5 246.5
560 230
571.9995 243.454
553.4995 259.954
529.5 237.5
549 222
568.8436 246.9646
549.3436 262.4646
545.5 249.5
566 240
574.8696 259.1397
554.3696 268.6397
556.5 260.5
581 256
585.9966 283.2036
561.4966 287.7036
429.5 148.5
442 142
446.3768 150.4169
433.8768 156.9169
435.5 168.5
454 179
445.8592 193.3432
427.3592 182.8432
428.5 174.5
442 195
431.6695 201.803
418.1695 181.303
409.5 191.5
418 171
435.2569 178.1553
426.7569 198.6553
389.5 183.5
408 164
416.4913 172.0559
397.9913 191.5559
385.5 169.5
405 163
409.669 177.0071
390.169 183.5071
382.5 152.5
404 157
401.0668 171.0141
379.5668 166.5141
389.5 140.5
409 153
398.9616 168.6599
379.4616 156.1599
401.5 133.5
415 149
402.7244 159.6916
389.2244 144.1916
417.5 129.5
423 150
411.7364 153.0219
406.2364 132.5219
415.5 152.5
422 128
437.465 132.103
430.965 156.603
424.5 148.5
443 137
452.0829 151.6117
433.5829 163.1117
360.5 239.5
376 241
375.1119 250.1767
359.6119 248.6767
335.5 245.5
355 239
357.4083 246.225
337.9083 252.725
354.5 284.5
378 273
387.0616 291.5172
363.5616 303.0172
363.5 294.5
386 284
396.0252 305.4825
373.5252 315.9825
366.5 308.5
392 307
392.9191 322.6255
367.4191 324.1255
331.5 272.5
354 288
345.9771 299.6462
323.4771 284.1462
321.5 280.5
346 290
338.3308 309.7784
313.8308 300.2784
315.5 293.5
349 298
346.1261 319.3949
312.6261 314.8949
311.5 305.5
342 308
340.6088 324.9725
310.1088 322.4725
261.5 149.5
336 195
322.6401 216.875
248.1401 171.375
266.5 148.5
335 182
319.9855 212.7012
251.4855 179.2012
242.5 273.5
273 281
269.6741 294.5255
239.1741 287.0255
240.5 280.5
259 294
244.4054 314
225.9054 300.5
235.5 289.5
257 318
238.4832 331.9688
216.9832 303.4688
201.5 320.5
224 294
237.0261 305.0599
214.5261 331.5599
195.5 296.5
224 289
228.9414 307.7772
200.4414 315.2772
192.5 273.5
229 279
226.7452 293.9638
190.2452 288.4638
180.5 179.5
202 142
217.1508 150.6864
195.6508 188.1864
186.5 178.5
196 139
213.7424 143.2672
204.2424 182.7672
164.5 217.5
187 227
181.0754 241.0321
158.5754 231.5321
162.5 228.5
180 234
174.1093 252.743
156.6093 247.243
161.5 239.5
179 247
172.1092 263.0785
154.6092 255.5785
154.5 249.5
174 258
167.6066 272.6671
148.1066 264.1671
140.5 275.5
173 291
164.9927 307.7894
132.4927 292.2894
134.5 277.5
173 286
168.0228 308.5439
129.5228 300.0439
134.5 289.5
176 300
170.1491 323.125
128.6491 312.625
129.5 294.5
167 307
161.3431 323.9706
123.8431 311.4706
127.5 298.5
165 308
158.512 333.6107
121.012 324.1107
