338.9615 154.6788
401.8306 223.5353
383.8393 239.9621
320.9703 171.1056
311.5177 195.0936
362.9116 239.5021
348.4248 256.2677
297.0309 211.8591
434.262 257.9626
475.6767 321.3316
461.7738 330.4178
420.3591 267.0488
442.2453 266.9439
468.6913 316.342
441.589 330.8515
415.1431 281.4534
433.264 273.9293
460.7079 318.3378
430.7067 336.8781
403.2629 292.4696
413.3056 279.9168
437.7557 331.3108
409.4737 344.7657
385.0236 293.3717
405.3222 286.9023
432.7661 331.3108
402.3712 350.0944
374.9273 305.6859
231.684 288.8981
313.0156 262.4543
320.6052 285.797
239.2736 312.2409
272.5988 248.9813
298.0468 315.3441
269.1021 326.4434
243.6541 260.0807
239.6674 285.9044
296.0509 260.4584
309.2699 289.7492
252.8863 315.1952
