312 194
338 183
345.2791 200.2051
319.2791 211.2051
313.5 200.5
339 204
336.5 222.214
311 218.714
314.5 209.5
338 220
329.0439 240.0446
305.5439 229.5446
313.5 210.5
331 236
315.076 246.9282
297.576 221.4282
264.5 236.5
287 209
301.208 220.6247
278.708 248.1247
259.5 210.5
287 205
291.2108 226.054
263.7108 231.554
255.5 198.5
290 197
290.8242 215.9558
256.3242 217.4558
271.5 180.5
297 199
287.6044 211.9507
262.1044 193.4507
290.5 171.5
302 195
284.3072 203.6582
272.8072 180.1582
290.5 197.5
305 164
325.5209 172.8822
311.0209 206.3822
302.5 194.5
321 173
337.9496 187.5846
319.4496 209.0846
310.5 197.5
338 184
345.883 200.058
318.383 213.558
310.5 201.5
344 202
343.7297 220.1088
310.2297 219.6088
316.5 203.5
342 220
330.8006 237.3082
305.3006 220.8082
406.5 256.5
436 297
417.3914 310.5544
387.8914 270.0544
413.5 252.5
441 291
418.3759 307.1601
390.8759 268.6601
401.5 263.5
435 304
414.6422 320.8392
381.1422 280.3392
392.5 264.5
423 311
403.4972 323.7922
372.9972 277.2922
384.5 271.5
416 313
394.5527 329.2793
363.0527 287.7793
381.5 276.5
422 321
395.8525 344.7972
355.3525 300.2972
376.5 265.5
412 319
388.4175 334.6482
352.9175 281.1482
363.5 282.5
400 324
381.8383 339.9735
345.3383 298.4735
206.5 323.5
244 264
276.9178 284.7465
239.4178 344.2465
198.5 313.5
239 266
259.7001 283.6495
219.2001 331.1495
210.5 318.5
245 262
266.8094 275.3173
232.3094 331.8173
