259.1279 238.5042
278.0884 226.5291
285.8472 238.814
266.8867 250.7891
255.6341 240.9979
285.0738 241.4979
284.7448 260.8712
255.3051 260.3712
255.6341 244.9896
292.0593 263.4522
283.3927 280.5506
246.9675 262.0881
258.6279 257.9626
282.08 277.4231
267.1488 295.4169
243.6967 275.9564
251.6424 261.9543
262.1216 286.4044
245.5861 293.4914
235.1069 269.0413
244.657 265.9459
247.1528 294.3877
228.2387 296.0475
225.7429 267.6057
215.7173 289.896
224.2006 263.4522
238.952 268.1845
230.4687 294.6284
218.711 292.8898
228.1923 264.4501
246.5738 270.5782
237.0926 299.0179
200.7484 271.9335
221.2069 257.4647
233.6723 275.0904
213.2139 289.5592
209.7297 281.9127
224.2006 262.4543
241.7626 275.5148
227.2917 294.9732
198.7526 262.9522
227.1944 255.4688
232.0787 274.0324
203.6369 281.5158
195.7588 247.9834
229.1902 247.4854
229.4614 265.6938
196.03 266.1917
205.738 232.0166
228.1923 242.4958
220.3082 259.3894
197.854 248.9102
195.7588 248.9813
230.1881 244.4917
232.9102 265.3661
198.4809 269.8557
216.7152 221.0395
233.1819 243.4938
221.1111 252.3459
204.6443 229.8916
200.7484 236.0083
229.1902 241.4979
224.9235 263.604
196.4817 258.1144
220.7069 217.0478
235.1778 238.5042
217.6272 250.3409
203.1563 228.8845
234.6778 213.0561
241.1653 235.5104
220.9413 241.3535
214.4538 218.8993
226.6944 239.0021
238.1715 212.5582
262.1303 222.9568
250.6532 249.4006
241.6632 234.0125
251.1445 210.5624
265.9471 216.5473
256.4658 239.9974
245.6549 235.0104
270.105 217.5478
282.5173 234.9269
258.0672 252.3894
250.6445 239.0021
277.0904 228.5249
283.7166 245.2505
257.2707 255.7276
255.6341 243.9917
285.0738 244.4917
284.6915 267.0026
255.2518 266.5026
255.6341 252.973
286.0717 265.448
278.0257 285.0792
247.5881 272.6042
296.5489 253.9709
358.92 212.5582
372.7639 233.4084
310.3928 274.8211
297.5468 240
354.9283 210.5624
363.3274 226.9344
305.9459 256.372
314.5114 255.9667
366.9033 213.5561
383.2763 233.7824
330.8844 276.193
305.5301 257.9626
372.8909 222.5374
384.0773 243.8084
316.7166 279.2335
451.2266 269.9376
501.6227 302.3711
490.808 319.1752
440.412 286.7417
429.2723 275.9252
503.6185 325.3233
488.9134 347.455
414.5672 298.0569
449.2308 271.9335
503.6185 301.3732
492.5388 321.8422
438.151 292.4025
