458 231
517 213
525.0287 239.3162
466.0287 257.3162
463.5 239.5
522 222
532.7081 257.7958
474.2081 275.2958
476.5 245.5
527 243
528.3193 269.6507
477.8193 272.1507
472.5 259.5
536 264
533.7413 295.8732
470.2413 291.3732
472.5 268.5
512 299
497.2306 318.1276
457.7306 287.6276
464.5 285.5
495 312
480.4373 328.7609
449.9373 302.2609
463.5 297.5
476 328
450.592 338.4131
438.092 307.9131
397.5 311.5
424 288
447.1746 314.1331
420.6746 337.6331
408.5 320.5
428 293
447.3897 306.7491
427.8897 334.2491
450.5 213.5
468 178
491.7477 189.7066
474.2477 225.2066
459.5 220.5
497 199
520.2231 239.5054
482.7231 261.0054
468.5 235.5
515 219
525.6224 248.936
479.1224 265.436
412.5 178.5
436 242
411.6704 251.0039
388.1704 187.5039
350.5 265.5
419 237
430.4599 264.544
361.9599 293.044
362.5 277.5
416 245
434.1715 274.9131
380.6715 307.4131
255.5 196.5
293 161
308.2644 177.1244
270.7644 212.6244
252.5 192.5
284 161
299.8114 176.8114
268.3114 208.3114
261.5 196.5
298 166
308.8818 179.0225
272.3818 209.5225
237.5 221.5
280 266
264.6252 280.6838
222.1252 236.1838
226.5 224.5
272 269
255.6769 285.69
210.1769 241.19
218.5 234.5
259 272
243.1391 289.1298
202.6391 251.6298
209.5 242.5
249 278
229.7191 299.4534
190.2191 263.9534
204.5 248.5
236 291
211.5659 309.11
180.0659 266.61
195.5 256.5
230 289
212.4377 307.6431
177.9377 275.1431
195.5 262.5
231 304
203.5382 327.4914
168.0382 285.9914
