432.7661 296.3836
441.7474 318.3378
426.8544 324.4304
417.8731 302.4762
384.3659 278.9189
400.8326 308.3586
387.0619 316.0611
370.5952 286.6214
382.3701 275.9252
392.8493 316.342
368.6805 322.6084
358.2013 282.1916
376.3825 279.9168
384.8659 315.3441
365.3594 320.0151
356.876 284.5878
367.4012 281.9127
373.8888 315.3441
344.094 321.1259
337.6065 287.6945
357.422 285.9044
362.9116 314.3462
344.8443 317.8334
339.3547 289.3916
343.4511 283.9085
348.9407 315.3441
328.2034 318.9654
322.7138 287.5299
337.4636 288.8981
340.9574 318.3378
320.1235 320.8103
316.6297 291.3706
331.4761 172.1414
346.9449 199.5852
329.0231 209.6869
313.5543 182.243
330.4782 166.1538
344.9491 200.5832
326.073 208.5169
311.6021 174.0876
205.738 211.0603
297.0489 222.5374
293.5642 250.2611
202.2534 238.7839
219.7089 258.9605
247.1528 194.5956
270.9845 204.757
243.5406 269.1218
229.6881 267.9418
253.1403 196.5915
282.6663 206.2964
259.2142 277.6467
215.7173 216.0499
292.0593 219.5437
290.5965 251.506
214.2545 248.0122
