412.8077 268.4418
443.7432 234.5125
460.5752 249.8592
429.6396 283.7885
415.3015 267.9418
446.737 240.5
466.9963 263.7078
435.5608 291.1496
420.2911 274.9272
456.7162 244.4917
470.5585 261.0581
434.1334 291.4937
280.5821 168.1497
317.0073 121.7474
338.7182 138.7902
302.2931 185.1925
288.5655 176.1331
319.0031 124.7412
342.2495 138.5092
311.8119 189.9011
299.5426 179.1268
338.9615 128.7328
358.1023 143.7051
318.6834 194.099
317.5052 182.1206
348.9407 135.7183
369.0596 149.348
337.6241 195.7503
328.4823 185.1143
361.9137 137.7141
394.1747 160.4678
360.7433 207.868
331.4761 200.0832
395.843 184.6164
400.1422 202.5079
335.7752 217.9746
251.6424 253.9709
325.9886 250.4792
327.2561 277.4671
252.9099 280.9588
253.6383 247.9834
325.9886 247.4854
326.2169 280.6571
253.8665 281.155
206.736 333.8046
239.1694 264.4501
262.6724 275.4412
230.2389 344.7957
155.842 278.9189
191.2692 263.4522
199.1745 281.5596
163.7473 297.0263
171.8087 233.0146
218.2131 245.4896
211.6538 269.8886
165.2494 257.4136
152.8482 248.9813
203.2443 249.4813
202.9753 276.5896
152.5793 276.0896
154.8441 261.9543
199.2526 256.4667
201.8255 277.2885
157.417 282.776
168.815 220.0416
218.2131 246.4875
209.5667 262.6381
160.1686 236.1921
188.7734 204.0748
227.1944 237.5062
209.0764 258.3283
170.6554 224.897
206.736 195.0936
237.1736 234.5125
210.8819 254.8138
180.4443 215.3949
214.7193 242.9938
216.2173 189.606
246.2095 190.4475
244.7116 243.8353
223.7006 240.9979
248.1507 182.6206
271.8154 192.532
247.3653 250.9094
237.6715 236.0083
261.1237 193.5977
290.6741 209.9385
267.2219 252.3491
254.6362 233.0146
288.0676 194.5956
305.642 209.8886
272.2106 248.3075
