487.6518 256.4667
510.604 241.4979
527.0846 266.7683
504.1324 281.7371
504.1164 266.9439
527.5686 256.4667
540.6954 285.8499
517.2432 296.327
511.1019 282.9106
541.5395 276.4252
547.7818 305.7218
517.3442 312.2072
516.0915 296.8815
543.5353 309.3565
534.0015 330.3301
506.5576 317.8551
513.0977 312.8482
537.5478 333.3067
520.2454 353.985
495.7953 333.5266
509.106 323.8254
522.579 351.2692
497.3373 363.6611
483.8643 336.2172
498.1289 332.8067
498.6289 365.2401
479.6969 365.532
479.1969 333.0985
458.2121 370.7277
465.6975 338.2963
488.0828 343.463
480.5974 375.8944
430.2703 359.7505
442.7453 336.3004
461.5792 346.3197
449.1042 369.7698
437.2557 364.7401
450.7287 336.3004
472.4104 346.5719
458.9374 375.0116
417.2973 354.7609
433.764 329.315
455.5468 343.4112
439.0801 368.8571
401.3306 341.7879
427.7765 320.3337
446.9389 343.9545
420.493 365.4088
391.3514 326.8191
421.789 313.3482
432.3592 337.2318
401.9216 350.7027
383.368 314.8441
424.7827 301.3732
433.094 326.9253
391.6793 340.3962
381.3721 293.8877
406.8202 292.3919
408.5503 321.8262
383.1023 323.3221
382.3701 274.9272
407.8181 278.421
404.888 299.763
379.44 296.2692
387.3597 260.9563
410.8119 270.4376
402.4483 291.1252
378.9961 281.6439
393.3472 248.9813
417.7973 262.4543
404.2008 287.1286
379.7507 273.6556
407.3181 237.0062
425.7807 256.4667
409.272 272.1289
390.8094 252.6684
422.2869 226.0291
438.7536 246.4875
418.5864 262.7199
402.1197 242.2614
439.2516 226.0291
449.7308 245.4896
424.7399 258.9468
414.2607 239.4863
435.2599 245.9875
444.7412 215.552
469.4763 223.2575
459.995 253.693
455.2183 243.9917
459.71 219.5437
487.6265 224.6726
483.1348 249.1206
473.1809 243.9917
485.6559 220.5416
509.065 232.9948
496.5899 256.4449
485.1559 248.9813
500.6247 231.5187
520.1039 248.7738
504.635 266.2364
498.1289 257.9626
520.5832 247.4854
530.0654 267.8076
507.6112 278.2847
364.4075 194.0956
393.8472 197.5894
392.0792 212.4869
362.6395 208.9931
362.4116 199.0852
397.8389 201.5811
396.4899 220.729
361.0627 218.2332
362.4116 215.052
395.843 213.5561
396.8602 236.2895
363.4288 237.7853
366.4033 144.1996
391.8514 145.6975
391.0868 158.6863
365.6388 157.1884
365.4054 153.1809
388.8576 151.685
390.0628 170.5809
366.6106 172.0767
364.4075 163.1601
390.8534 162.6622
391.2684 184.7031
364.8225 185.201
447.2349 127.2349
451.7266 110.7703
467.6045 115.1019
463.1128 131.5665
456.2162 128.2328
470.6871 117.7557
480.6531 131.5207
466.1822 141.9978
457.2141 135.2183
476.6746 133.7225
477.936 150.1322
458.4755 151.628
457.2141 147.1933
469.6892 169.6476
451.7056 179.6389
439.2305 157.1846
428.2744 168.1497
436.7578 145.6975
456.3837 153.113
447.9003 175.5652
413.3056 151.185
433.764 141.7058
441.1863 157.7249
420.7279 167.2041
412.3077 136.2162
433.764 134.7204
434.7357 148.6574
413.2793 150.1533
417.2973 123.2432
439.7516 129.7308
434.7966 146.8807
412.3423 140.3931
423.2848 111.2682
434.762 130.7287
423.5546 137.3384
412.0774 117.8779
435.2599 108.2744
442.7453 125.7391
424.4009 133.6016
416.9154 116.137
446.237 107.2765
452.7245 129.7308
437.2658 134.1971
430.7783 111.7429
439.2516 126.237
449.7308 105.7807
467.1804 114.7196
456.7012 135.176
451.2266 128.2328
466.6954 115.7599
475.664 126.8825
460.1952 139.3555
454.2204 133.2225
481.6642 122.7453
489.096 142.2122
461.6521 152.6893
291.5593 238.0042
317.0073 232.5166
319.2034 242.7011
293.7554 248.1887
318.5031 232.0166
339.9595 248.4834
335.0612 254.8659
313.6048 238.3992
311.5177 275.9252
332.974 260.4584
346.2808 278.9184
324.8245 294.3851
313.5135 285.9044
338.9615 272.4335
347.3782 288.3335
321.9302 301.8044
315.5094 292.8898
342.9532 285.4064
349.0764 307.8619
321.6325 315.3453
319.501 303.8669
350.9366 302.3711
351.9812 324.3232
320.5456 325.819
286.5696 251.9751
307.0281 275.4272
296.5809 284.5407
276.1225 261.0886
283.5759 258.9605
304.0343 282.4127
289.5693 295.0312
269.1109 271.579
274.5946 265.9459
296.0509 286.4044
279.9744 303.265
258.5181 282.8066
262.6195 280.9148
291.0613 290.396
283.6131 312.7391
255.1713 303.2578
264.6154 115.2599
335.9678 180.6247
313.5297 205.1182
242.1773 139.7533
256.632 121.2474
329.9802 162.6622
310.4465 197.2577
237.0983 155.8429
216.7152 201.0811
253.1403 207.5686
250.1656 224.2704
213.7405 217.7829
219.7089 225.0312
243.1611 231.5187
238.6303 247.8976
215.1781 241.41
212.7235 232.0166
223.2027 251.4771
205.1747 261.185
194.6955 241.7245
203.7422 240
212.2256 261.4563
192.1924 269.377
183.709 247.9207
172.8067 261.9543
187.2775 243.4938
202.1791 255.1749
187.7082 273.6354
163.8254 238.0042
191.2692 234.5125
193.5398 252.3589
166.096 255.8506
169.8129 214.0541
197.2568 220.5416
192.9009 238.968
165.457 232.4804
179.7921 198.0873
203.2443 211.5603
189.6761 235.1783
166.2239 221.7053
193.763 184.1164
216.2173 202.579
195.9261 227.2572
173.4719 208.7946
