250.1466 205.5728
273.0988 187.6102
287.2577 205.7022
264.3056 223.6648
251.6424 207.0686
280.0842 204.5748
282.1172 227.7612
253.6754 230.255
257.6299 214.0541
287.0696 214.5541
286.6708 238.0389
257.2311 237.5389
257.6299 221.0395
286.0717 234.5125
278.3701 250.7708
249.9283 237.2979
257.6299 225.0312
279.0863 243.4938
264.6342 260.2893
243.1779 241.8267
255.6341 217.0478
273.0988 250.4792
257.2763 258.7449
239.8117 225.3135
257.6299 228.0249
274.0967 251.4771
261.8461 260.0788
245.3793 236.6266
218.711 248.9813
233.1819 223.5353
247.9287 231.9217
233.4578 257.3677
209.7297 234.0125
233.1819 220.5416
241.9755 235.8508
218.5233 249.3217
211.7256 247.9834
230.1881 221.5395
247.7562 233.8052
229.2937 260.2491
203.7422 218.0457
238.1715 215.552
239.0396 227.5371
204.6103 230.0309
206.736 233.0146
224.2006 219.5437
238.5849 238.1925
221.1202 251.6634
209.7297 208.0665
231.1861 211.5603
228.1011 230.5062
206.6447 227.0124
216.7152 194.0956
240.1674 211.5603
230.0348 225.1666
206.5827 207.7019
210.7277 203.0769
239.1694 214.5541
233.148 229.4759
204.7062 217.9988
227.6923 187.1102
244.159 209.5644
230.4551 219.6142
213.9884 197.1599
241.6632 185.1143
250.1466 209.5644
235.5106 214.6426
227.0273 190.1925
230.6861 212.0582
234.1798 178.6289
253.451 180.643
249.9572 214.0723
239.6674 209.0644
255.1362 178.6289
273.9026 188.1669
258.4338 218.6024
250.6445 207.0686
265.1154 185.6143
285.1426 199.1227
270.6717 220.577
255.6341 207.0686
281.0821 201.5811
284.5514 217.6694
259.1033 223.1569
311.5177 303.8669
344.9491 360.2505
322.5653 373.5225
289.1339 317.1389
311.5177 299.8753
337.9636 355.2609
316.1827 365.661
289.7368 310.2754
302.5364 309.8545
321.9969 359.2526
306.2402 365.46
286.7797 316.0618
351.4345 214.0541
404.8243 205.5728
408.8159 230.6998
355.4261 239.1811
353.4304 224.0333
406.8202 211.5603
411.1276 229.998
357.7378 242.471
355.4262 232.0166
402.8285 218.5457
411.9741 250.7279
364.5718 264.1988
358.42 242.9938
414.8035 233.5146
419.0217 258.6045
362.6381 268.0838
362.4116 249.9792
414.8035 241.4979
419.1824 268.5478
366.7905 277.029
360.4158 258.9605
416.7994 253.473
419.0561 276.6601
362.6725 282.1476
359.4179 251.9751
412.8077 243.4938
417.4626 272.7967
364.0728 281.2779
