239 147
260 127
276.2764 144.0903
255.2764 164.0903
251.5 152.5
268 140
283.6654 160.6784
267.1654 173.1784
224.5 125.5
241 143
228.1276 155.1368
211.6276 137.6368
229.5 146.5
231 120
255.1481 121.3669
253.6481 147.8669
208.5 145.5
235 146
234.6705 163.4611
208.1705 162.9611
207.5 166.5
226 156
234.3768 170.7591
215.8768 181.2591
209.5 171.5
231 161
240.0362 179.5026
218.5362 190.0026
255.5 273.5
354 230
369.5468 265.2037
271.0468 308.7037
239.5 269.5
329 222
351.4484 264.2974
261.9484 311.7974
254.5 268.5
332 226
353.4227 265.0649
275.9227 307.5649
384.5 323.5
414 316
419.1802 336.3756
389.6802 343.8756
376.5 321.5
387 299
409.7089 309.5975
399.2089 332.0975
365.5 321.5
369 294
389.9262 296.6633
386.4262 324.1633
366.5 293.5
379 314
364.4604 322.8656
351.9604 302.3656
347.5 304.5
368 318
356.9317 334.8075
336.4317 321.3075
337.5 316.5
361 320
357.3143 344.747
333.8143 341.247
335.5 338.5
357 331
363.5874 349.884
342.0874 357.384
340.5 354.5
359 341
367.842 353.1169
349.342 366.6169
347.5 366.5
358 343
380.0639 352.8583
369.5639 376.3583
364.5 373.5
370 348
385.6403 351.3734
380.1403 376.8734
388.5 347.5
401 371
385.3804 379.3083
372.8804 355.8083
470.5 170.5
506 160
513.0907 183.9734
477.5907 194.4734
471.5 181.5
504 179
506.1393 206.8105
473.6393 209.3105
480.5 197.5
512 203
506.886 232.289
475.386 226.789
479.5 212.5
502 232
486.7105 249.6417
464.2105 230.1417
474.5 223.5
489 247
466.3394 260.9821
451.8394 237.4821
457.5 229.5
470 258
445.9616 268.5431
433.4616 240.0431
416.5 263.5
429 234
445.5991 241.0335
433.0991 270.5335
398.5 256.5
409 230
428.6117 237.7707
418.1117 264.2707
421.5 264.5
426 235
466.6395 241.1992
462.1395 270.6992
384.5 245.5
402 223
420.7627 237.5932
403.2627 260.0932
366.5 229.5
389 216
403.193 239.655
380.693 253.155
359.5 208.5
388 203
392.7523 227.6255
364.2523 233.1255
356.5 189.5
385 190
384.5386 216.3018
356.0386 215.8018
362.5 163.5
386 178
373.877 197.6477
350.377 183.1477
376.5 153.5
399 169
385.7683 188.2073
363.2683 172.7073
392.5 141.5
407 162
388.4906 175.092
373.9906 154.592
416.5 136.5
430 159
402.2936 175.6239
388.7936 153.1239
412.5 163.5
421 130
452.9717 138.1122
444.4717 171.6122
432.5 158.5
441 127
462.6962 132.8545
454.1962 164.3545
440.5 156.5
458 139
473.8902 154.8902
456.3902 172.3902
452.5 163.5
469 141
487.8084 154.7929
471.3084 177.2929
464.5 167.5
485 152
498.0472 169.256
477.5472 184.756
474.5 175.5
497 167
504.0148 185.5686
481.5148 194.0686
405.5 310.5
417 275
436.9779 281.4717
425.4779 316.9717
417.5 311.5
422 276
446.5422 279.111
442.0422 314.611
431.5 316.5
442 280
462.2044 285.8122
451.7044 322.3122
468.5 315.5
470 290
485.4974 290.9116
483.9974 316.4116
472 316
479 293
500.1336 299.432
493.1336 322.432
482.5 316.5
489 289
512.6786 294.5968
506.1786 322.0968
495.5 317.5
501 293
519.945 297.253
514.445 321.753
506.5 318.5
509 294
534.3634 296.5881
531.8634 321.0881
200.5 250.5
224 236
233.8659 251.9895
210.3659 266.4895
203.5 257.5
233 253
235.9007 272.0154
206.4007 276.5154
209.5 263.5
232 267
229.5407 282.8099
207.0407 279.3099
204.5 275.5
228 281
224.0202 298.0047
200.5202 292.5047
156.5 266.5
177 257
184.4387 273.052
163.9387 282.552
158.5 275.5
179 263
187.6176 277.1328
167.1176 289.6328
163.5 284.5
177 270
193.4473 285.313
179.9473 299.813
172.5 292.5
190 274
203.955 287.2007
186.455 305.7007
189.5 316.5
234 302
239.5852 319.1408
195.0852 333.6408
