442 261
457 302
440.0697 308.194
425.0697 267.194
438.5 264.5
445 303
422.0652 306.8721
415.5652 268.3721
431.5 263.5
435 307
415.1393 308.598
411.6393 265.098
320.5 262.5
347 317
327.8801 326.2968
301.3801 271.7968
307.5 265.5
332 317
307.6854 328.5672
283.1854 277.0672
302.5 274.5
325 320
293.2066 335.722
270.7066 290.222
293.5 277.5
314 328
287.8912 338.5986
267.3912 288.0986
282.5 280.5
303 333
275.6036 343.6976
255.1036 291.1976
273.5 282.5
292 330
255.7427 344.1213
237.2427 296.6213
266.5 287.5
281 333
257.1042 340.6151
242.6042 295.1151
283.5 197.5
347 165
361.4722 193.2764
297.9722 225.7764
296.5 212.5
327 268
299.1481 283.306
268.6481 227.806
321.5 208.5
342 262
313.9084 272.7641
293.4084 219.2641
231.5 263.5
245 233
266.8125 242.6547
253.3125 273.1547
203.5 239.5
244 219
257.5559 245.7813
217.0559 266.2813
205.5 215.5
254 214
254.8185 240.4638
206.3185 241.9638
209.5 229.5
249 220
256.2188 250.0148
216.7188 259.5148
205.5 196.5
259 202
256.0326 230.8651
202.5326 225.3651
204.5 217.5
254 210
258.3624 238.7918
208.8624 246.2918
225.5 174.5
259 194
242.5211 222.3098
209.0211 202.8098
233.5 164.5
273 195
257.6843 214.8351
218.1843 184.3351
253.5 154.5
280 194
257.1972 209.2981
230.6972 169.7981
279.5 150.5
296 190
267.8302 201.7671
251.3302 162.2671
267.5 192.5
280 147
308.9443 154.9517
296.4443 200.4517
245.5 152.5
271 200
248.9733 211.8248
223.4733 164.3248
