313.0156 277.4231
362.9116 265.448
368.3634 288.1637
318.4674 300.1388
318.5031 276.9231
366.9033 274.4293
368.3557 302.6174
319.9555 305.1112
322.4948 283.9085
364.9075 277.4231
369.7013 308.7731
327.2886 315.2585
321.4969 293.8877
374.8867 289.3981
377.6576 322.349
324.2678 326.8386
188.7734 245.9875
218.2131 232.5166
227.0992 251.9366
197.6595 265.4075
191.7672 252.973
222.2048 239.5021
231.9814 261.5924
201.5438 275.0633
195.7588 258.9605
225.1985 246.4875
233.4751 266.0226
204.0354 278.4956
202.7443 264.948
226.1965 252.4751
237.2556 273.2689
213.8034 285.7418
206.736 272.9314
237.1736 260.4584
243.0964 274.9119
212.6588 287.3848
213.7214 299.8753
247.1528 282.4127
253.0696 293.7401
219.6382 311.2027
216.7152 304.8649
252.1424 286.4044
261.0963 303.5876
225.669 322.0481
222.7027 309.8545
252.1424 297.3815
262.4276 321.6573
232.9879 334.1303
226.6944 317.8378
258.1299 301.3732
270.571 325.1265
239.1354 341.5912
225.6965 320.8316
261.1237 304.3669
273.0269 329.9792
237.5996 346.4438
392.3493 108.2744
432.7661 185.6143
405.2917 199.9721
364.8748 122.6322
407.3181 107.2765
427.7765 182.6206
392.3394 192.2429
371.881 116.8989
372.3909 113.264
414.8035 193.5977
384.7862 209.4456
342.3735 129.1119
304.5322 148.1913
336.9657 155.6767
333.9133 168.9022
301.4799 161.4168
302.5364 160.1663
331.9761 160.6663
331.6355 180.7214
302.1958 180.2214
301.5385 164.158
326.9865 178.6289
319.3128 192.1237
293.8647 177.6528
299.5426 167.1518
314.0135 186.6123
297.9977 198.5217
283.5268 179.0612
292.5572 173.1393
303.0364 191.6019
283.0565 202.9423
272.5773 184.4797
286.5696 173.1393
296.0509 200.5832
282.029 205.4275
272.5477 177.9836
259.6258 204.0748
267.1112 175.6351
287.3773 180.9693
279.8919 209.409
240.6653 185.1143
269.1071 169.6476
279.5628 188.8747
251.121 204.3414
238.6694 166.1538
277.0904 166.6538
276.8434 185.639
238.4224 185.139
246.6528 154.1788
269.1071 165.6559
259.4724 184.5055
237.0182 173.0283
260.6237 145.1975
277.0904 162.6622
260.5016 178.3032
244.0348 160.8385
268.6071 137.2141
287.0696 158.6705
271.0233 172.4779
252.5607 151.0216
279.5842 134.2204
296.0509 155.6767
275.8676 171.1665
259.4009 149.7101
290.5613 129.2308
304.0343 147.6933
284.8057 161.7253
271.3327 143.2628
293.5551 126.237
307.0281 152.683
286.0427 163.374
272.5697 136.9281
