412.8077 267.4439
439.7516 255.4688
448.1852 274.4445
421.2413 286.4195
420.2911 270.9356
450.7287 266.4459
454.3721 291.1467
423.9345 295.6363
423.2848 280.9148
448.7328 301.3732
438.2516 314.4107
412.8036 293.9523
423.2848 289.896
433.764 312.3503
411.9858 322.514
401.5066 300.0597
419.2931 292.8898
424.7827 326.3212
396.9303 330.8947
391.4407 297.4633
378.3784 323.8254
395.843 287.4023
417.6255 297.8469
400.1609 334.2699
385.3638 322.8274
397.8389 295.3857
415.0995 303.2324
402.6245 330.6741
364.4075 304.8649
391.8514 288.4002
401.8195 305.0155
374.3757 321.4802
371.3929 317.8378
387.8597 291.394
406.3608 302.9147
389.894 329.3586
356.4241 290.894
395.843 276.4252
402.9318 295.7379
363.5129 310.2068
360.4158 277.921
387.8597 279.4189
387.1199 292.9719
359.6761 291.474
363.4096 286.9023
388.8576 280.4168
394.189 301.3365
368.741 307.822
369.3971 260.9563
392.8493 272.4335
383.8062 290.912
360.354 279.4349
384.3659 245.9875
397.8389 267.4439
380.4984 278.3324
367.0254 256.876
396.341 236.0083
407.8181 262.4543
386.5257 271.6948
375.0486 245.2489
396.341 269.9376
410.8119 239.5021
435.4109 251.1979
420.94 281.6335
408.316 263.9501
435.7599 242.4958
449.4064 259.9522
421.9625 281.4065
415.3015 263.9501
448.7328 255.4688
453.7917 275.4098
420.3603 283.8911
421.289 270.9356
453.7225 269.4397
454.6923 290.4685
422.2588 291.9644
425.2807 279.9168
455.7183 289.3981
449.7456 308.5722
419.308 299.0909
423.2848 283.9085
439.7516 304.3669
418.6043 321.3881
402.1376 300.9297
365.4054 158.1705
423.7848 163.6601
422.1532 181.0115
363.7738 175.5219
356.4241 183.1185
419.7931 193.5977
414.7381 224.1664
351.369 213.6871
354.4283 189.106
411.8098 199.5852
406.1405 230.6288
348.759 220.1496
252.6403 213.0561
328.9823 225.5312
324.1302 255.2243
247.7882 242.7492
253.6383 221.0395
324.9906 228.5249
321.8653 258.3157
250.513 250.8303
258.6279 234.0125
319.0031 244.4917
313.4944 276.2301
253.1191 265.7509
256.632 211.0603
339.9595 222.5374
335.8973 252.0298
252.5699 240.5527
