280 80
336 77
337.0164 95.9728
281.0164 98.9728
283.5 87.5
330 85
332.1561 125.1043
285.6561 127.6043
285.5 99.5
334 98
334.717 121.1837
286.217 122.6837
284.5 108.5
343 107
343.6709 133.1639
285.1709 134.6639
286.5 120.5
336 123
334.6876 148.9861
285.1876 146.4861
284.5 129.5
338 126
339.8464 154.2239
286.3464 157.7239
215.5 254.5
245 238
254.0011 254.0929
224.5011 270.5929
215.5 260.5
253 241
261.668 257.6693
224.168 277.1693
219.5 265.5
255 247
264.516 265.2605
229.016 283.7605
408.5 207.5
411 172
436.9549 173.8278
434.4549 209.3278
418.5 212.5
452 180
472.5737 201.2067
439.0737 233.7067
432.5 217.5
473 179
493.9999 201.0908
453.4999 239.5908
437.5 221.5
475 188
495.7277 211.2026
458.2277 244.7026
444.5 227.5
484 204
503.5365 236.8379
464.0365 260.3379
453.5 234.5
507 221
512.4982 242.7892
458.9982 256.2892
456.5 239.5
510 240
509.7475 267.0173
456.2475 266.5173
461.5 249.5
510 264
501.9337 290.9803
453.4337 276.4803
465.5 265.5
509 288
492.0573 320.7558
448.5573 298.2558
460.5 274.5
492 310
470.9231 328.702
439.4231 293.202
440.5 319.5
451 279
468.4508 283.5243
457.9508 324.0243
367.5 205.5
408 241
394.427 256.4847
353.927 220.9847
364.5 293.5
389 252
414.9628 267.3275
390.4628 308.8275
372.5 303.5
400 249
430.3678 264.3232
402.8678 318.8232
384.5 309.5
404 254
437.1422 265.6446
417.6422 321.1446
209.5 256.5
255 228
265.5368 244.8219
220.0368 273.3219
216.5 257.5
259 245
264.817 264.7778
222.317 277.2778
