395.843 195.5936
411.8098 188.6081
419.4515 206.0749
403.4847 213.0603
400.3326 206.0707
424.7827 214.5541
418.4313 232.8596
393.9812 224.3762
397.3389 207.0686
427.7765 197.5894
434.659 219.6891
404.2214 229.1683
397.3389 216.0499
424.7827 238.5042
410.3726 256.1163
382.9288 233.6621
350.4366 240.9979
368.8992 212.5582
386.8706 224.225
368.408 252.6647
344.4491 213.0561
380.8742 209.5644
382.3798 225.271
345.9547 228.7627
353.4304 194.0956
377.8805 204.5748
370.4112 222.0021
345.9611 211.5229
369.3971 185.1143
387.8597 205.5728
375.2871 216.9188
356.8245 196.4604
374.3867 208.0665
378.8784 174.6372
401.712 177.7052
397.2203 211.1345
381.3721 207.0686
396.841 174.6372
417.3803 184.4339
401.9115 216.8653
389.3555 208.0665
411.8098 175.6351
433.9014 190.9305
411.4471 223.3619
389.3555 206.0707
428.7744 197.5894
432.576 215.2582
393.1571 223.7395
396.341 210.0624
428.7744 220.5416
422.6306 239.557
390.1971 229.0778
245.6549 208.0665
297.0489 218.5457
293.1217 237.8062
241.7277 227.327
249.6466 207.0686
306.0301 221.5395
302.0532 237.0352
245.6696 222.5643
291.5593 272.9314
316.0094 322.3295
297.1427 331.6677
272.6926 282.2696
282.578 275.9252
302.0385 328.317
278.934 336.899
259.4735 284.5071
282.578 278.9189
302.0385 326.3212
277.1818 336.5258
257.7213 289.1236
271.6008 284.9064
289.0655 332.3087
260.1434 342.9646
242.6787 295.5624
259.6258 288.8981
279.0863 338.2963
253.5407 348.36
234.0802 298.9619
248.6486 291.8919
270.105 344.2838
240.597 356.3684
219.1406 303.9765
258.6279 288.8981
283.078 335.3025
255.8089 349.6704
231.3588 303.266
