227.1944 292.3919
242.1632 257.4647
259.8779 265.0567
244.9091 299.9839
236.6736 291.8919
248.1507 262.4543
266.2033 269.4926
254.7262 298.9302
237.6715 293.8877
252.1424 260.4584
271.4612 268.8212
256.9903 302.2505
244.657 293.8877
255.1362 266.4459
275.9821 274.4064
265.5029 301.8482
253.6383 295.8836
266.1133 274.4293
281.1794 283.1898
268.7043 304.6441
267.6091 303.8669
276.0925 278.421
291.0611 283.4113
282.5777 308.8573
285.5717 321.8295
301.0405 284.4085
320.4294 292.4233
304.9606 329.8443
293.5551 322.8274
317.0073 277.4231
334.7399 286.5823
311.2877 331.9867
304.5322 323.8254
317.0073 285.4064
339.0836 292.5749
326.6086 330.9938
309.5218 325.8212
329.9802 291.394
348.795 302.5747
328.3366 337.0019
265.6133 192.0998
302.0385 193.5977
301.1533 215.1217
264.7282 213.6238
266.6112 196.0915
302.0385 195.5936
302.4025 221.4985
266.9753 221.9965
267.6091 202.079
299.0447 205.5728
297.1482 222.6366
265.7127 219.1428
272.5988 209.0644
308.026 205.5728
310.4075 229.7362
274.9803 233.2278
438.2536 278.9189
501.6227 193.5977
532.0762 216.2159
468.7072 301.5371
453.2225 280.9148
501.6227 208.5665
541.6851 235.3679
493.2849 307.7161
462.2037 286.9023
512.5998 212.5582
551.3172 238.8038
500.9212 313.1479
389.3555 172.1414
405.8222 151.685
418.8531 162.1745
402.3864 182.6308
397.3389 173.1393
417.7973 155.6767
433.197 173.7184
412.7386 191.181
423.2848 192.0998
427.7765 217.5478
399.8075 222.4845
395.3158 197.0364
408.316 192.0998
408.816 221.5395
387.8627 221.8954
387.3627 192.4557
400.3326 189.106
401.8306 213.5561
383.874 214.6562
382.376 190.2061
362.4116 199.0852
385.8638 174.6372
401.0554 189.21
377.6032 213.658
356.4241 179.1268
384.8659 177.631
385.571 191.0381
357.1292 192.5339
366.4033 157.1726
388.8576 171.6435
379.1121 186.7654
356.6578 172.2945
388.3576 153.1809
399.8347 175.6351
387.1123 182.138
375.6351 159.6838
407.3181 157.1726
407.8181 178.6289
390.1397 179.0409
389.6397 157.5845
420.2911 159.1684
421.789 185.6143
404.5898 186.5885
403.0918 160.1426
398.3368 177.131
408.816 152.683
426.459 160.2453
415.9798 184.6933
433.264 278.9189
499.6268 203.5769
527.0902 227.7673
460.7275 303.1093
