339 169
374 158
381.1268 180.6762
346.1268 191.6762
340.5 178.5
372 171
377.1428 192.5998
345.6428 200.0998
340.5 192.5
388 181
392.3389 198.9213
344.8389 210.4213
344.5 202.5
384 193
388.4368 211.4476
348.9368 220.9476
348.5 209.5
384 201
389.1545 222.5275
353.6545 231.0275
350.5 216.5
383 208
388.9232 230.6476
356.4232 239.1476
421.5 271.5
432 309
411.2571 314.808
400.7571 277.308
402.5 266.5
413 307
392.1038 312.4175
381.6038 271.9175
413.5 268.5
422 309
399.2997 313.7643
390.7997 273.2643
393.5 270.5
403 305
380.7417 311.1291
371.2417 276.6291
386.5 270.5
394 311
375.8692 314.3576
368.3692 273.8576
360.5 269.5
366 319
344.9165 321.3426
339.4165 271.8426
350.5 271.5
359 319
339.6603 322.4608
331.1603 274.9608
340.5 273.5
348 323
326.4061 326.2718
318.9061 276.7718
330.5 271.5
341 323
314.6169 328.3791
304.1169 276.8791
321.5 273.5
328 328
308.2154 330.3596
301.7154 275.8596
319.5 210.5
324 259
302.0715 261.0346
297.5715 212.5346
317.5 200.5
319 253
298.3929 253.5888
296.8929 201.0888
231.5 216.5
239 183
255.8457 186.7714
248.3457 220.2714
241.5 218.5
246 190
264.8712 192.9797
260.3712 221.4797
250.5 217.5
263 187
281.736 194.6787
269.236 225.1787
258.5 220.5
284 195
298.5774 209.5774
273.0774 235.0774
276.5 223.5
291 254
276.4374 260.9232
261.9374 230.4232
265.5 222.5
280 260
260.7718 267.4349
246.2718 229.9349
261.5 227.5
272 264
253.3403 269.3679
242.8403 232.8679
252.5 227.5
260 268
241.8692 271.3576
234.3692 230.8576
247.5 226.5
255 271
234.0818 274.5255
226.5818 230.0255
252.5 223.5
267 267
244.1921 274.6026
229.6921 231.1026
