404.8243 210.5624
418.7952 248.4834
401.1274 254.9926
387.1565 217.0716
390.3534 209.0644
402.8285 252.4751
377.2364 259.8295
364.7614 216.4189
385.3638 213.0561
395.843 246.4875
369.0278 254.8929
358.5486 221.4615
395.343 212.0582
406.8202 251.4771
382.2612 258.6277
370.7841 219.2087
379.3763 215.052
386.8617 253.473
362.8489 258.1513
355.3635 219.7303
366.4033 215.052
373.8888 263.4522
351.0141 266.9899
343.5287 218.5897
352.4324 222.0374
362.9116 261.4563
337.5416 268.2008
327.0624 228.7818
261.6216 273.9293
306.0301 265.448
308.4638 278.1907
264.0553 286.672
270.6029 279.9168
309.0239 273.4314
311.8525 290.1883
273.4315 296.6738
268.6071 284.9064
310.0218 286.4044
309.4086 303.3579
267.9939 301.86
272.5988 291.8919
309.0239 293.3898
308.1998 313.4308
271.7746 311.9329
273.5967 293.8877
312.0177 301.3732
308.7735 318.0248
270.3525 310.5393
247.6507 242.9938
269.1071 275.4272
254.1029 285.3532
232.6466 252.9198
255.6341 239.0021
270.105 272.4335
251.3142 280.5671
236.8433 247.1357
234.6778 245.9875
262.1216 269.4397
249.8894 283.7539
222.4456 260.3017
230.6861 251.9751
250.1466 278.421
236.7694 288.2648
217.3089 261.8188
217.7131 259.9584
251.1445 275.4272
242.147 294.8728
208.7156 279.404
220.7069 258.9605
247.1528 283.4106
237.1504 294.2294
210.7045 269.7793
216.7152 263.9501
246.1549 283.4106
233.7886 302.1183
204.3489 282.6578
230.6861 253.9709
255.1362 283.4106
238.2995 297.3937
213.8494 267.954
236.6736 198.0873
250.1466 151.685
276.7222 159.4013
263.2492 205.8036
245.6549 200.0832
259.1279 157.6726
282.2882 165.0301
268.8153 207.4407
251.6424 204.0748
269.1071 151.685
296.6267 160.859
279.162 213.2488
265.6133 205.0728
280.0842 159.6684
301.8074 166.5918
287.3365 211.9962
267.6091 206.0707
288.0676 158.6705
304.9121 165.9408
284.4537 213.341
295.5509 214.0541
312.0177 162.6622
329.15 168.1516
312.6832 219.5435
303.5343 214.0541
318.0052 175.6351
337.7936 183.0886
323.3227 221.5076
311.5177 211.0603
321.9969 175.6351
339.2482 180.7383
328.769 216.1634
319.501 214.0541
325.9886 179.6268
345.2555 183.2575
338.768 217.6847
326.4865 214.0541
335.9678 181.6227
352.0239 186.3167
342.5426 218.748
335.4678 216.0499
346.9449 182.6206
364.2973 188.5781
352.8201 222.0074
