463.7017 204.5748
469.6892 227.527
452.2013 232.0891
446.2138 209.1369
454.2204 201.0811
459.71 228.5249
427.8511 234.8977
422.3615 207.4538
442.2453 198.0873
443.7432 230.5208
422.7145 231.492
421.2166 199.0585
423.2848 200.0832
427.7765 227.527
401.2595 231.867
396.7678 204.4232
417.2973 202.079
422.7869 234.5125
406.5596 237.2591
401.07 204.8256
371.3929 197.0894
377.8805 210.5624
366.5075 216.0387
360.0199 202.5657
365.4054 200.0832
368.8992 213.5561
355.2383 217.0986
351.7445 203.6257
360.4158 200.0832
367.9012 214.5541
356.0758 220.6711
348.5903 206.2002
232.6819 173.1393
288.0676 176.6331
286.5546 200.6185
231.1689 197.1247
227.6923 181.1227
292.0593 182.6206
291.3531 212.9629
226.9862 211.465
233.6798 188.1081
283.078 190.604
281.2141 227.4935
231.816 224.9976
228.6902 201.0811
286.0717 203.5769
284.8134 232.5065
227.4319 230.0106
264.6154 281.9127
282.08 298.3794
269.8338 311.3679
252.3691 294.9011
252.6403 292.8898
282.08 293.3898
281.7072 315.3409
252.2675 314.8409
253.6383 309.8545
280.0842 304.3669
283.1724 319.2498
256.7264 324.7373
255.6341 322.8274
273.0988 306.3628
283.5254 317.4227
266.0607 333.8874
265.6133 330.8108
275.0946 312.3503
288.6154 319.2946
279.1341 337.7551
272.5988 339.7921
282.08 314.3462
298.0045 320.2797
288.5232 345.7256
284.5738 343.7838
291.0613 325.3233
300.3338 328.5819
293.8463 347.0424
303.5343 320.8316
316.0094 342.2879
302.072 350.3914
289.5969 328.935
309.5218 312.8482
324.9906 326.3212
312.3834 340.796
296.9146 327.3231
324.4906 301.8711
330.9782 322.3295
314.0418 327.7002
307.5543 307.2417
333.4719 299.8753
334.9699 330.3129
312.6826 331.4097
311.1847 300.9721
326.4865 326.8191
330.9782 301.3732
346.7325 304.1541
342.2408 329.6001
334.4699 324.8233
343.9511 305.3649
361.2071 313.773
351.7258 333.2314
365.4054 308.8565
374.8867 325.3233
357.5905 335.2822
348.1092 318.8154
364.4075 301.8711
386.8617 307.3607
380.3413 334.0316
357.887 328.542
356.4241 303.8669
383.868 285.4064
398.242 306.7752
370.7981 325.2357
355.4262 300.8732
364.9075 284.4085
388.4321 297.9554
378.9509 314.42
338.4615 294.8857
347.9428 277.4231
364.1138 286.2031
354.6325 303.6657
325.4886 290.894
333.9719 271.4356
353.2038 279.8201
344.7204 299.2785
308.5239 289.896
318.0052 267.4439
341.569 277.3946
332.0877 299.8468
298.5447 292.8898
307.0281 271.4356
327.6331 279.5831
319.1498 301.0374
305.5301 267.9418
314.0135 290.396
300.1358 295.6392
291.6524 273.1849
295.5509 268.9397
306.0301 287.4023
285.0392 299.3166
274.56 280.854
279.5842 275.9252
295.053 294.3877
280.3593 306.6988
264.8905 288.2362
264.6154 285.9044
286.0717 301.3732
280.8519 308.6134
259.3956 293.1446
255.6341 292.8898
281.0821 295.3857
279.5921 310.578
254.1441 308.0822
254.6362 304.8649
283.078 303.369
283.8411 317.8789
255.3993 319.3748
254.6362 319.8337
280.0842 306.3628
287.7415 320.8282
262.2934 334.2991
263.6175 329.8129
278.0884 312.3503
290.5019 322.6372
276.031 340.0998
276.5904 340.79
280.0842 318.3378
293.0537 320.356
289.56 342.8082
303.5343 319.8337
309.0239 346.2796
286.0259 351.0535
280.5363 324.6076
310.5198 308.8565
323.9927 331.3108
309.4458 340.0393
295.9728 317.585
316.5073 306.8607
337.9636 323.3274
325.4385 339.6478
303.9821 323.1811
