489.6476 251.4771
512.5998 239.5021
520.0572 253.7955
497.1051 265.7706
498.1289 257.9626
517.5894 245.4896
535.8823 274.0304
516.4218 286.5034
510.104 270.9356
524.5748 261.4563
537.744 281.5602
523.2731 291.0394
519.0852 284.9064
538.5457 284.4085
539.1073 306.3556
519.6468 306.8535
518.0873 296.8815
542.5374 300.3753
538.9971 325.1513
514.547 321.6576
510.104 319.8337
531.5603 337.2983
516.8672 355.3497
495.4108 337.8851
500.1247 329.8129
509.606 359.2526
482.3892 368.018
472.9079 338.5783
490.1455 338.7942
498.6289 369.2318
473.9144 376.1201
465.431 345.6824
446.237 373.7214
459.71 341.29
480.9259 350.1038
467.453 382.5352
427.2765 361.7464
444.7412 335.3025
458.6998 344.5214
441.2352 370.9653
407.3181 349.7713
429.7723 328.317
447.2126 346.5702
424.7584 368.0245
396.341 334.8025
418.7952 318.3378
432.8711 337.5343
410.4169 353.999
391.8514 336.3004
419.7931 315.3441
431.7682 331.3108
403.8264 352.2672
390.3534 314.8441
408.816 304.3669
417.5851 319.8197
399.1225 330.2968
384.3659 299.8753
403.8264 292.3919
414.7021 320.6742
395.2416 328.1576
383.368 273.9293
409.8139 278.421
406.8957 295.6029
380.4497 291.1112
385.3638 255.9667
410.8119 263.4522
404.3349 285.4715
378.8869 277.9861
399.3347 241.9958
420.7911 253.473
407.3044 278.6861
385.8481 267.2089
416.2994 229.0229
434.762 251.4771
415.0646 267.6729
396.602 245.2186
429.2723 225.0312
444.7412 244.4917
429.5732 256.5485
414.1044 237.088
446.237 221.0395
455.7183 240.5
431.2155 252.4379
421.7342 232.9774
445.2391 241.9958
454.7204 216.5499
473.516 223.5532
464.0347 248.9992
457.2141 240.9979
462.7037 217.5478
488.8663 223.6724
483.3767 247.1225
470.1871 240.9979
486.6538 222.5374
507.3588 241.0062
490.892 259.4667
484.158 248.9813
501.6227 230.5208
522.0494 249.8456
504.5848 268.3061
495.1351 255.9667
521.5811 244.4917
532.5389 269.7457
506.093 281.2207
508.1081 268.9397
534.5541 259.4605
543.1782 283.5208
516.7322 293
401.3306 143.2017
423.7848 140.7079
425.6606 157.598
403.2064 160.0918
406.3202 159.1684
418.7952 174.6372
404.1388 186.4571
391.6637 170.9883
395.343 140.2079
405.8222 117.7557
426.4825 127.3986
416.0033 149.8508
384.3659 138.2121
392.8493 117.7557
412.229 125.7926
403.7456 146.2489
386.3617 113.264
393.8472 134.7204
382.3458 138.7328
374.8604 117.2765
370.395 125.2391
388.8576 136.7162
380.8329 149.6251
362.3703 138.148
361.4137 137.2141
380.8742 139.71
378.9532 154.6886
359.4927 152.1927
353.4304 152.183
377.8805 142.7037
382.9819 155.8622
358.5318 165.3414
360.4158 165.1559
378.8784 150.6871
388.9742 163.5696
370.5116 178.0384
371.3929 176.1331
381.8721 155.6767
390.6196 160.1578
380.1403 180.6141
379.3763 180.1247
390.8534 158.6705
400.0401 163.585
388.563 185.0392
389.3555 185.1143
394.8451 160.6663
410.4239 164.1644
404.9343 188.6124
350.4366 294.8857
379.8763 283.4106
387.0242 301.7489
357.5845 313.2239
357.422 302.869
389.8555 295.3857
395.5357 320.0042
363.1023 327.4876
361.4137 316.8399
389.8555 313.3482
392.455 334.5224
364.0132 338.0141
325.4886 276.9231
349.9387 296.3836
337.6817 311.7832
313.2316 292.3227
316.5073 287.9002
341.9553 302.3711
331.967 319.9362
306.519 305.4653
306.5281 301.8711
336.9657 314.3462
328.1064 335.9618
297.6688 323.4868
302.5364 312.8482
337.9636 321.3316
332.5434 343.967
297.1161 335.4836
333.4719 252.973
353.9304 252.4751
354.1502 261.5089
333.6918 262.0069
357.422 251.9751
377.8805 257.4647
375.0239 268.1105
354.5655 262.6209
294.553 193.0977
319.0031 189.606
321.5776 207.6335
297.1275 211.1252
289.5634 203.0769
310.0218 211.5603
301.6735 231.693
281.2151 223.2096
282.578 181.1227
298.0468 163.6601
315.8025 179.3886
300.3337 196.8512
283.5759 166.1538
289.0655 190.604
272.8602 194.2424
267.3706 169.7923
269.605 175.1351
278.0884 191.6019
263.6472 199.0417
255.1638 182.575
255.6341 183.1185
276.0925 193.5977
264.4402 216.3463
243.9818 205.8671
185.7796 268.9397
294.0551 320.3337
275.5407 359.3393
167.2652 307.9454
194.7609 266.9439
288.0676 325.3233
261.1769 368.302
167.8703 309.9226
162.8274 216.0499
183.2859 221.5395
177.3151 243.7911
156.8567 238.3015
161.8295 228.0249
182.2879 235.5104
175.0222 255.3685
154.5637 247.883
156.8399 239.0021
180.2921 242.4958
177.5294 261.0404
154.0773 257.5467
153.8462 245.9875
180.2921 257.4647
172.2477 276.0007
145.8018 264.5236
140.8732 274.9272
169.315 287.4023
160.0608 308.5008
131.619 296.0257
131.8919 286.9023
171.3108 298.3794
164.7803 320.8088
125.3614 309.3317
127.9002 297.8794
163.3274 311.3524
156.9424 328.1418
121.5152 314.6689
129.896 305.8628
164.3254 317.3399
156.2794 341.4763
121.8501 329.9991
