263.1195 155.6767
276.0925 189.606
255.5649 197.4548
242.592 163.5255
260.6237 159.1684
270.105 199.5852
247.6751 204.847
238.1938 164.4302
251.6424 159.1684
262.1216 199.5852
240.0939 205.2966
229.6147 164.8797
234.6778 270.9356
236.1757 298.3794
217.4543 299.4013
215.9564 271.9574
224.6985 272.9314
234.1798 297.3815
215.3404 304.6871
205.8591 280.237
211.7256 281.9127
224.2006 304.3669
202.7441 316.2877
190.269 293.8334
200.7484 285.9044
217.2152 304.3669
207.5049 313.0275
191.0382 294.5649
190.7692 329.8129
211.2277 315.3441
219.4778 327.0095
199.0194 341.4784
202.7443 339.7921
209.2318 320.3337
223.4322 325.0681
216.9446 344.5266
216.7152 344.7817
221.2069 325.3233
233.9961 328.2755
229.5045 347.7339
184 299
188 331
171.6349 333.0456
167.6349 301.0456
223.5 320.5
229 351
214.0102 353.7031
208.5102 323.2031
394.5 208.5
422 194
429.5926 208.3997
402.0926 222.8997
399.5 213.5
423 205
430.2314 224.9927
406.7314 233.4927
403.5 226.5
441 214
447.14 232.4201
409.64 244.9201
407.5 234.5
432 230
437.2669 258.6751
412.7669 263.1751
414.5 254.5
436 247
443.0025 267.074
421.5025 274.574
427.5 261.5
443 256
450.6987 277.6963
435.1987 283.1963
428.5 272.5
450 267
454.4885 284.5458
432.9885 290.0458
389.5 198.5
419 185
430.9014 211.0068
401.4014 224.5068
427.5 281.5
446 312
428.8145 322.424
410.3145 291.924
414.5 281.5
429 310
405.3182 322.0487
390.8182 293.5487
404.5 287.5
413 313
385.6193 322.1269
377.1193 296.6269
393.5 290.5
398 315
370.939 319.9704
366.439 295.4704
380.5 293.5
387 319
356.6496 326.7364
350.1496 301.2364
366.5 297.5
369 324
347.624 326.0166
345.124 299.5166
351.5 299.5
358 324
329.8201 331.4763
323.3201 306.9763
302.5 296.5
333 291
336.9284 312.7846
306.4284 318.2846
298.5 283.5
331 279
334.9034 307.1915
302.4034 311.6915
296.5 270.5
320 264
327.7723 292.0997
304.2723 298.5997
290.5 252.5
316 245
324.8332 275.0329
299.3332 282.5329
294.5 259.5
319 255
323.294 278.3786
298.794 282.8786
286.5 242.5
318 235
323.809 259.3979
292.309 266.8979
281.5 224.5
311 219
315.0197 240.5602
285.5197 246.0602
284.5 233.5
314 226
320.943 253.3092
291.443 260.8092
397.5 176.5
401 200
386.1636 202.2097
382.6636 178.7097
380.5 172.5
395 202
370.8355 213.8775
356.3355 184.3775
376.5 179.5
387 205
364.1247 214.4192
353.6247 188.9192
366.5 180.5
378 209
356.2913 217.7597
344.7913 189.2597
355.5 181.5
370 210
344.6494 222.8977
330.1494 194.3977
346.5 184.5
355 207
334.9146 214.5878
326.4146 192.0878
337.5 188.5
348 212
327.4016 221.2035
316.9016 197.7035
324.5 187.5
335 215
310.2653 224.4442
299.7653 196.9442
318.5 188.5
326 213
307.5327 218.6533
300.0327 194.1533
