229.1902 188.6081
317.0073 204.5748
311.6489 234.0459
223.8318 218.0792
217.7131 233.0146
306.0301 248.4834
302.0666 271.1127
213.7495 255.6439
344.4491 222.0374
403.8264 189.606
415.6699 211.2898
356.2926 243.7212
332.474 218.0457
394.8451 183.6185
410.3969 211.7934
348.0258 246.2206
366.4033 178.1289
413.8056 231.5187
394.2177 248.9099
346.8154 195.5201
435.2599 265.9459
454.7204 311.3524
433.229 320.5633
413.7685 275.1568
427.2765 271.9335
449.7308 325.3233
421.9968 336.9874
399.5425 283.5976
418.2952 270.9356
439.7516 329.315
411.2641 339.785
389.8078 281.4056
406.3202 272.9314
426.7786 330.3129
395.6318 341.4178
375.1734 284.0363
399.3347 274.9272
415.8015 329.315
381.7108 339.6365
365.244 285.2487
392.3493 276.9231
406.8202 325.3233
379.4416 333.509
364.9707 285.1088
