357.922 181.6227
379.8763 180.6247
380.829 201.5832
358.8747 202.5811
355.4262 186.1123
381.8721 202.579
370.3039 221.1579
343.8579 204.6912
353.4304 195.0936
381.8721 221.5395
364.8839 239.8098
336.4421 213.3639
350.4366 196.0915
360.9158 227.527
343.4594 233.3462
332.9802 201.9107
321.4969 231.0187
330.9782 198.5873
354.0457 205.3311
344.5644 237.7625
302.5364 219.0437
324.9906 191.6019
341.8584 205.4039
319.4042 232.8457
310.5198 225.0312
327.9844 197.5894
350.2108 211.7348
332.7461 239.1766
298.5447 202.079
328.9823 189.606
337.2812 209.8577
306.8436 222.3307
295.5509 187.1102
327.9844 187.6102
327.6541 209.0339
295.2207 208.5339
300.5405 168.1497
329.9802 176.6331
325.6113 191.7946
296.1716 183.3113
316.5073 158.1705
333.9719 178.6289
321.6166 189.1762
304.152 168.7178
295.5509 194.0956
324.9906 187.6102
328.6467 204.2062
299.207 210.6917
323.4927 154.1788
335.9678 175.6351
318.2666 185.9269
305.7916 164.4705
337.4636 153.1809
344.9491 177.631
320.7905 185.0272
313.3051 160.5771
331.4761 177.131
343.9511 154.6788
369.3832 168.8096
356.9082 191.2617
343.4511 177.131
362.9116 154.6788
381.1505 170.4874
361.69 192.9396
347.4428 179.1268
380.8742 171.6435
385.6896 193.1559
352.2582 200.6393
352.4324 186.1123
390.8534 191.6019
388.2508 209.8176
349.8298 204.328
351.4345 192.0998
381.8721 213.5561
370.23 230.0715
339.7924 208.6152
346.4449 200.0832
360.9158 223.5353
341.5125 235.5079
327.0416 212.0558
224.6985 274.9272
284.0759 240.5
296.8178 262.4762
237.4404 296.9034
231.684 278.9189
288.0676 245.4896
302.1439 269.2315
245.7604 302.6608
239.6674 287.9002
296.0509 257.4647
313.0233 288.9069
256.6397 319.3424
225.6965 276.9231
288.0676 241.4979
303.0893 267.9458
240.7182 303.3709
370.395 256.9647
420.7911 275.4272
413.4526 295.4584
363.0566 276.9959
356.4241 278.9189
419.7931 299.3773
411.4248 325.2979
348.0558 304.8395
370.395 259.9584
424.7827 276.4252
419.4507 294.0364
365.0629 277.5697
