337.9636 279.4189
421.789 317.3399
411.6303 339.7958
327.805 301.8748
340.4574 278.9189
419.7931 311.3524
407.1328 342.3209
327.7971 309.8874
333.4719 332.8067
368.8992 266.4459
394.3069 280.0101
358.8797 346.3708
341.4553 340.79
376.8825 269.4397
402.6173 282.2177
367.1901 353.568
341.4553 342.7859
375.8846 272.4335
404.016 286.2005
369.5867 356.5529
250.6445 247.9834
287.0696 286.4044
273.7161 299.0642
237.291 260.6432
246.6528 249.9792
284.0759 288.4002
274.1447 298.0734
236.7217 259.6524
399.3347 247.9834
422.7869 208.5665
438.5538 217.9475
415.1016 257.3643
392.3493 241.9958
406.8202 212.5582
422.9652 220.4947
408.4943 249.9324
411.3098 250.9771
424.7827 223.5353
440.2463 231.1274
426.7734 258.5692
378.3784 239.0021
389.8555 205.5728
415.0404 214.2194
403.5633 247.6487
386.3617 241.9958
403.8264 213.5561
429.3943 229.2573
411.9297 257.697
359.4179 234.0125
376.8825 201.5811
400.6703 214.3911
383.2057 246.8225
374.3867 239.0021
385.8638 205.5728
410.5666 214.0538
399.0894 247.4832
336.4657 198.0873
343.9511 178.6289
358.5296 184.2371
351.0441 203.6955
334.4699 197.0894
334.9699 182.6206
349.0742 183.108
348.5742 197.5768
345.447 199.0852
351.9345 189.606
360.5323 195.4903
354.0448 204.9695
357.422 234.0125
365.9054 195.5936
393.0853 201.5952
384.602 240.0141
414.3035 247.9834
428.7744 218.5457
444.4148 226.2342
429.9439 255.6718
