398 235
431 225
436.1634 242.0393
403.1634 252.0393
407.5 239.5
443 233
445.4164 246.197
409.9164 252.697
401.5 233.5
411 209
426.9595 215.1884
417.4595 239.6884
386.5 232.5
392 203
409.9392 206.3446
404.4392 235.8446
393.5 230.5
402 204
418.4378 209.2725
409.9378 235.7725
379.5 212.5
395 234
381.4993 243.733
365.9993 222.233
369.5 221.5
390 234
382.0703 247.0046
361.5703 234.5046
357.5 237.5
384 236
384.9355 252.5265
358.4355 254.0265
361.5 254.5
379 242
386.0231 251.8324
368.5231 264.3324
363.5 266.5
378 247
394.5432 259.3013
380.0432 278.8013
373.5 275.5
385 253
401.0525 261.2046
389.5525 283.7046
386.5 282.5
392 253
409.1684 256.2009
403.6684 285.7009
407.5 252.5
425 278
408.9908 288.9867
391.4908 263.4867
324.5 303.5
334 363
311.202 366.64
301.702 307.14
319.5 310.5
325 359
299.8433 361.8528
294.3433 313.3528
308.5 308.5
321 354
287.6942 363.15
275.1942 317.65
298.5 313.5
306 362
279.1529 366.1516
271.6529 317.6516
286.5 311.5
290 372
264.962 373.4485
261.462 312.9485
272.5 314.5
284 364
255.9546 370.5156
244.4546 321.0156
264.5 196.5
320 225
310.224 244.0376
254.724 215.5376
264.5 193.5
310 217
300.9842 234.4561
255.4842 210.9561
268.5 194.5
312 221
299.6665 241.2456
256.1665 214.7456
