252 220
321 228
317.4279 258.8097
248.4279 250.8097
243.5 233.5
314 247
307.2792 282.0975
236.7792 268.5975
233.5 256.5
330 273
325.242 300.8273
228.742 284.3273
234.5 259.5
307 272
301.7083 302.692
229.2083 290.192
309.5 204.5
352 155
374.5582 174.3682
332.0582 223.8682
308.5 210.5
356 150
374.2945 164.3635
326.7945 224.8635
315.5 162.5
385 196
374.9006 216.9524
305.4006 183.4524
325.5 157.5
382 200
367.4606 219.3289
310.9606 176.8289
456.5 193.5
482 245
462.7586 254.5273
437.2586 203.0273
434.5 201.5
461 247
436.5589 261.2349
410.0589 215.7349
447.5 201.5
474 248
442.8556 265.749
416.3556 219.249
427.5 211.5
451 264
416.0172 279.659
392.5172 227.159
419.5 211.5
439 260
406.2099 273.1837
386.7099 224.6837
429.5 200.5
452 255
424.5645 266.3266
402.0645 211.8266
