402 280
431 264
442.2776 284.4406
413.2776 300.4406
405.5 290.5
447 282
451.8532 305.6949
410.3532 314.1949
416.5 295.5
443 301
438.4879 322.7403
411.9879 317.2403
415.5 304.5
434 323
417.4924 339.5076
398.9924 321.0076
413.5 307.5
428 335
406.974 346.0864
392.474 318.5864
406.5 307.5
410 341
388.0965 343.2884
384.5965 309.7884
374.5 332.5
387 302
404.0115 308.9719
391.5115 339.4719
381.5 336.5
393 307
406.8508 312.3995
395.3508 341.8995
363.5 322.5
386 299
399.7997 312.2125
377.2997 335.7125
365.5 273.5
398 287
391.6502 302.2866
359.1502 288.7866
380.5 263.5
401 290
389.1356 299.1781
368.6356 272.6781
373.5 260.5
396 282
379.2761 299.5018
356.7761 278.0018
393.5 257.5
410 288
394.4145 296.4315
377.9145 265.9315
390.5 292.5
398 255
424.7646 260.3529
417.2646 297.8529
399.5 287.5
419 258
436.5385 269.5932
417.0385 299.0932
408.5 288.5
439 269
454.0247 292.5002
423.5247 312.0002
414.5 295.5
446 308
438.8383 326.0474
407.3383 313.5474
294.5 179.5
365 188
361.8786 213.8893
291.3786 205.3893
302.5 192.5
352 197
349.5405 224.0546
300.0405 219.5546
304.5 200.5
354 205
351.8253 228.9222
302.3253 224.4222
304.5 208.5
348 212
345.6728 240.9238
302.1728 237.4238
305.5 216.5
346 220
344.1899 240.9457
303.6899 237.4457
302.5 224.5
349 229
346.3832 256.0398
299.8832 251.5398
219.5 324.5
268 281
279.8879 294.2543
231.3879 337.7543
213.5 318.5
252 280
269.6777 297.6777
231.1777 336.1777
222.5 325.5
260 285
279.9604 303.4819
242.4604 343.9819
