287.0696 204.5748
313.0156 189.606
323.7576 208.2254
297.8116 223.1943
288.5655 208.0665
317.0073 213.5561
312.8209 235.2457
284.3791 229.7561
296.5489 221.0395
312.0177 240.5
303.604 247.1879
288.1352 227.7274
297.5468 226.0291
313.0156 252.4751
291.4809 265.0712
276.0121 238.6252
290.5613 227.027
298.0468 251.4771
279.2269 257.2389
271.7415 232.7888
251.6424 250.9771
261.1237 223.5353
281.4848 230.5702
272.0035 258.012
260.6237 252.973
265.1154 225.5312
282.5664 228.3876
278.0747 255.8294
238.6694 233.0146
261.1237 220.5416
272.7739 241.5147
250.3197 253.9877
246.6528 243.9917
260.1258 223.5353
279.6352 236.3847
266.1623 256.841
233.6798 220.0416
265.1154 214.5541
268.2703 232.6273
236.8348 238.1148
235.6757 233.0146
258.1299 216.5499
270.5779 233.5263
248.1237 249.991
232.6819 209.0644
264.1175 211.5603
262.7725 228.501
231.3369 226.0051
229.6881 224.0333
267.1112 213.5561
271.5646 229.463
234.1415 239.9402
233.6798 202.079
262.1216 208.5665
257.8528 227.2812
229.411 220.7937
246.6528 188.1081
266.1133 206.5707
255.9724 217.2597
236.5119 198.7972
232.6819 208.0665
265.1154 209.5644
264.0376 232.9003
231.6042 231.4024
254.6362 181.1227
271.1029 201.5811
256.7686 213.1186
240.3018 192.6602
268.6071 178.1289
279.0863 202.579
257.9105 211.6549
247.4313 187.2048
259.6258 206.0707
263.1195 173.6393
286.133 176.1185
282.6392 208.5499
268.6071 202.079
281.0821 171.6435
299.9152 179.3628
287.4401 209.7984
275.5925 201.0811
303.0364 175.6351
317.5569 191.2957
290.113 216.7416
294.553 193.0977
308.026 190.604
311.0488 206.9353
297.5758 209.429
290.5613 203.0769
319.0031 200.5832
320.8 221.0772
292.3582 223.571
295.5509 213.0561
319.0031 219.5437
313.5246 239.3483
290.0724 232.8608
305.5301 294.8857
389.8555 267.4439
396.6282 288.2557
312.3029 315.6975
315.5094 288.8981
378.8784 266.4459
391.4414 301.9039
328.0724 324.3561
316.5073 302.869
382.8701 279.4189
393.4365 309.3214
327.0737 332.7715
316.5073 292.8898
378.8784 269.4397
391.6475 303.4023
329.2764 326.8524
438.2536 205.0728
492.6414 224.5333
484.3244 247.7773
429.9367 228.3168
418.2952 231.0187
483.6601 260.4584
474.7098 280.3308
409.3449 250.8911
446.237 207.0686
489.6476 228.5249
480.5319 246.9678
437.1213 225.5115
