424 234
453 227
460.3641 257.5085
431.3641 264.5085
432.5 245.5
453 242
457.6549 269.2641
437.1549 272.7641
430.5 256.5
453 251
458.7383 274.4749
436.2383 279.9749
431.5 267.5
452 262
457.9147 284.0458
437.4147 289.5458
433.5 278.5
462 272
467.6691 296.8568
439.1691 303.3568
436.5 291.5
467 287
470.8783 313.2861
440.3783 317.7861
435.5 301.5
464 298
466.7822 320.6552
438.2822 324.1552
439.5 311.5
466 307
469.1765 325.7059
442.6765 330.2059
439.5 326.5
451 357
429.479 365.1145
417.979 334.6145
446.5 324.5
455 351
425.6662 360.409
417.1662 333.909
423.5 323.5
434 349
405.0973 360.9011
394.5973 335.4011
415.5 325.5
417 351
396.8112 352.1876
395.3112 326.6876
398.5 326.5
403 352
379.0392 356.2284
374.5392 330.7284
383.5 327.5
390 354
364.4514 360.2666
357.9514 333.7666
372.5 329.5
378 353
347.8 360.0681
342.3 336.5681
364.5 329.5
368 358
345.1715 360.8035
341.6715 332.3035
311.5 320.5
341 317
343.3237 336.5857
313.8237 340.0857
308.5 309.5
338 306
340.7505 329.1826
311.2505 332.6826
309.5 299.5
341 297
342.8265 320.0144
311.3265 322.5144
308.5 287.5
335 285
337.1987 308.3059
310.6987 310.8059
307.5 275.5
337 271
341.1021 297.8919
311.6021 302.3919
302.5 260.5
335 259
336.225 285.5424
303.725 287.0424
306.5 245.5
336 242
339.0038 267.3175
309.5038 270.8175
418.5 207.5
424 235
402.3383 239.3323
396.8383 211.8323
429.5 206.5
441 231
417.9209 241.833
406.4209 217.333
415.5 210.5
418 236
402.0453 237.5642
399.5453 212.0642
402.5 208.5
409 234
388.5586 239.2105
382.0586 213.7105
379.5 208.5
391 237
368.7243 245.9884
357.2243 217.4884
387.5 210.5
393 237
376.0975 240.5081
370.5975 214.0081
368.5 211.5
373 234
349.9199 238.616
345.4199 216.116
354.5 212.5
363 238
342.9875 244.6708
334.4875 219.1708
344.5 212.5
346 236
328.5712 237.1125
327.0712 213.6125
374.5 175.5
379 214
357.0586 216.5646
352.5586 178.0646
363.5 175.5
369 213
347.0984 216.2122
341.5984 178.7122
378.5 176.5
384 216
359.2191 219.4505
353.7191 179.9505
234.5 219.5
245 187
261.6185 192.369
251.1185 224.869
248.5 229.5
268 213
276.2721 222.7761
256.7721 239.2761
250.5 237.5
267 224
273.0074 231.3424
256.5074 244.8424
259.5 245.5
267 225
280.9611 230.1077
273.4611 250.6077
265.5 251.5
278 231
288.7998 237.5852
276.2998 258.0852
265.5 192.5
269 219
259.5948 220.2422
256.0948 193.7422
275.5 189.5
285 211
269.4503 217.8708
259.9503 196.3708
276.5 214.5
281 187
297.8926 189.7642
293.3926 217.2642
282.5 212.5
289 189
305.638 193.602
299.138 217.102
