357.922 204.5748
421.789 192.5998
424.822 208.776
360.9551 220.7511
365.4054 199.0852
409.8139 192.5998
413.75 219.5518
369.3415 226.0373
372.3909 210.0624
418.7952 200.5832
423.7883 225.0264
377.384 234.5056
372.3909 220.0416
422.7869 211.5603
427.0865 237.1086
376.6904 245.5898
375.3846 229.0229
420.7911 220.5416
425.7754 247.2265
380.369 255.7077
379.3763 257.9626
434.762 249.4813
437.4851 267.2643
382.0994 275.7456
382.3701 266.9439
428.7744 258.4626
432.7257 280.0814
386.3213 288.5627
387.3597 273.9293
426.7786 266.4459
431.311 290.3205
391.8921 297.8039
391.3514 282.9106
433.764 273.4314
437.8997 291.9354
395.487 301.4146
392.3493 290.894
428.7744 286.4044
431.5041 308.551
395.079 313.0406
394.3451 300.8732
434.762 290.396
440.4115 312.1898
399.9946 322.667
305.5301 223.0353
342.9532 215.552
347.7861 239.7203
310.363 247.2037
309.5218 234.0125
346.9449 229.5229
350.1344 256.1093
312.7114 260.5989
313.5135 246.9854
348.9407 236.5083
354.4065 254.9901
318.9793 265.4672
317.5052 253.9709
349.9387 246.4875
355.0646 268.7037
322.6311 276.187
316.5073 265.9459
350.9366 259.4605
354.5043 278.4005
320.075 284.8859
322.4948 274.9272
358.92 265.448
364.8939 288.4037
328.4688 297.883
321.4969 281.9127
360.9158 270.4376
366.6047 289.9801
327.1858 301.4552
247.6507 203.0769
281.0821 186.6123
290.7518 206.2464
257.3204 222.7111
250.6445 209.0644
282.08 194.5956
293.537 219.4875
262.1015 233.9563
253.6383 215.052
292.0593 206.5707
297.0487 229.1731
258.6277 237.6544
256.632 221.0395
296.0509 219.5437
296.8078 239.4877
257.3888 240.9836
196.7568 255.9667
218.2131 220.5416
235.048 230.7382
213.5917 266.1633
204.7401 256.9647
218.2131 229.5229
234.0864 237.3161
220.6134 264.7579
212.7235 260.9563
224.2006 229.5229
247.0276 237.8576
235.5504 269.291
219.7089 263.9501
227.1944 232.5166
247.2074 237.2825
239.722 268.7159
222.7027 266.9439
232.184 227.527
257.9641 233.7281
248.4828 273.145
236.6736 266.9439
244.159 233.5146
259.7703 237.0102
252.2849 270.4395
250.6445 268.9397
293.0572 235.5104
311.8855 259.3984
269.4728 292.8277
246.6528 205.0728
284.0759 187.6102
294.9249 210.86
257.5018 228.3226
