328.9823 198.5873
364.9075 167.6518
382.4407 188.0129
346.5155 218.9484
336.4657 204.0748
377.8805 175.6351
389.4714 192.5142
348.0566 220.9539
342.4532 213.0561
381.8721 187.6102
394.0345 206.4511
354.6155 231.8971
352.4324 221.0395
393.8472 193.5977
405.7716 211.5939
364.3569 239.0357
357.422 226.0291
396.841 195.5936
409.8927 212.4977
370.4738 242.9332
373.3888 245.9875
413.8056 218.5457
423.7229 233.1521
383.3061 260.5939
378.3784 252.973
414.8035 226.5291
427.2401 243.6599
390.8149 270.1037
391.3514 257.9626
417.7973 227.527
437.57 244.7078
411.124 275.1434
393.3472 258.9605
423.7848 231.5187
437.3152 246.5262
406.8776 273.968
398.3368 263.9501
427.7765 244.4917
439.0667 261.5733
409.627 281.0317
400.3326 271.9335
428.7744 243.4938
449.1274 263.8482
420.6856 292.2879
260.6237 226.0291
279.0863 192.5998
299.0445 203.6225
280.582 237.0518
267.6091 227.027
289.0655 196.5915
308.0363 209.9654
286.5799 240.401
270.6029 231.0187
302.0385 197.5894
316.0223 210.7392
284.5867 244.1685
287.5676 225.0312
308.026 205.5728
322.5339 220.8263
302.0755 240.2847
281.58 237.0062
311.0198 204.5748
327.0045 219.085
297.5648 251.5164
227.6923 214.0541
275.0946 219.5437
273.2435 235.5278
225.8412 230.0382
227.6923 222.0374
267.1112 228.5249
264.675 243.3279
225.2561 236.8403
226.6944 229.0229
268.1091 229.5229
267.916 245.5196
226.5013 245.0196
223.7006 234.0125
264.1175 234.5125
263.8939 252.5842
223.4771 252.0842
225.6965 243.9917
268.1091 239.5021
270.3548 260.7167
227.9421 265.2063
224.6985 246.9854
272.1008 239.5021
275.9943 264.1646
228.592 271.648
222.7027 258.9605
270.105 248.4834
273.5509 264.0738
226.1486 274.551
291.5593 337.7963
295.053 291.394
313.96 292.8175
310.4662 339.2198
299.5426 337.7963
306.0301 293.3898
332.7093 297.2875
326.2217 341.6939
306.5281 339.7921
310.0218 295.3857
337.8953 297.5787
334.4015 341.9851
317.5052 339.7921
323.9927 296.3836
347.6797 299.9237
341.1922 343.3322
323.4927 340.79
327.9844 292.3919
349.8673 294.4228
345.3756 342.8209
333.4719 337.7963
334.9699 295.3857
358.9258 296.2318
357.4279 338.6424
341.4553 335.8004
342.9532 292.3919
364.9171 293.1498
363.4192 336.5583
352.4324 333.8046
353.9304 298.3794
380.1581 299.4884
378.6602 334.9136
357.422 337.7963
361.9137 294.3877
385.7573 296.8549
381.2656 340.2635
215.7173 197.0894
269.1071 176.6331
277.0908 197.4701
223.701 217.9265
354.4283 341.7879
357.922 290.396
386.8123 292.3601
383.3185 343.752
