364 136
400 128
405.6569 153.4558
369.6569 161.4558
375.5 146.5
409 136
419.8869 170.7344
386.3869 181.2344
382.5 158.5
408 153
415.2701 186.7068
389.7701 192.2068
386.5 174.5
422 168
426.6827 193.5748
391.1827 200.0748
387.5 187.5
428 184
430.2353 209.8651
389.7353 213.3651
371.5 103.5
383 140
361.8872 146.652
350.3872 110.152
386.5 101.5
393 138
376.8528 140.8755
370.3528 104.3755
364.5 106.5
370 142
343.009 146.1817
337.509 110.6817
351.5 109.5
361 139
334.8109 147.4338
325.3109 117.9338
341.5 110.5
354 146
332.2237 153.6677
319.7237 118.1677
326.5 109.5
329 143
309.4076 144.4621
306.9076 110.9621
309.5 112.5
312 142
291.8239 143.7098
289.3239 114.2098
301.5 113.5
310 142
289.7849 148.0291
281.2849 119.5291
268.5 146.5
293 137
299.907 154.8127
275.407 164.3127
262.5 137.5
302 136
303.1409 166.0449
263.6409 167.5449
270.5 151.5
304 148
306.3072 170.0834
272.8072 173.5834
270.5 162.5
297 160
299.1987 183.3059
272.6987 185.8059
272.5 174.5
302 169
307.4924 198.459
277.9924 203.959
276.5 186.5
299 185
299.9407 199.1108
277.4407 200.6108
277.5 195.5
303 191
306.6536 211.7039
281.1536 216.2039
282.5 204.5
309 201
311.7528 221.8428
285.2528 225.3428
396.5 198.5
408 232
385.1236 239.8531
373.6236 206.3531
388.5 200.5
396 229
365.6332 236.9913
358.1332 208.4913
377.5 203.5
383 234
363.3175 237.5493
357.8175 207.0493
364.5 204.5
370 238
346.7737 241.8133
341.2737 208.3133
350.5 205.5
357 234
332.8807 239.5009
326.3807 211.0009
338.5 206.5
346 236
322.0241 242.0956
314.5241 212.5956
325.5 208.5
333 245
301.5937 251.4533
294.0937 214.9533
224.5 246.5
264 257
256.693 284.4883
217.193 273.9883
219.5 254.5
270 263
265.571 289.3132
215.071 280.8132
336.5 290.5
369 279
375.0137 295.9952
342.5137 307.4952
359.5 316.5
371 295
391.9598 306.211
380.4598 327.711
365.5 321.5
378 304
387.7986 310.999
375.2986 328.499
370.5 323.5
394 303
409.5839 320.8645
386.0839 341.3645
374.5 327.5
404 321
408.0827 339.5292
378.5827 346.0292
334.5 307.5
357 316
351.1502 331.4848
328.6502 322.9848
329.5 317.5
357 324
351.9082 345.5424
324.4082 339.0424
325.5 332.5
359 327
362.5642 348.7094
329.0642 354.2094
322.5 337.5
347 336
347.6292 346.2764
323.1292 347.7764
