357 171
384 161
391.8742 182.2602
364.8742 192.2602
361.5 180.5
387 203
376.9225 214.4212
351.4225 191.9212
359.5 187.5
376 216
359.5341 225.5329
343.0341 197.0329
356.5 185.5
364 215
344.2328 220.0256
336.7328 190.5256
326.5 210.5
341 180
355.2798 186.7888
340.7798 217.2888
312.5 182.5
339 175
343.2538 190.0301
316.7538 197.5301
317.5 194.5
339 180
350.7553 197.4302
329.2553 211.9302
312.5 168.5
339 168
339.3796 188.121
312.8796 188.621
313.5 184.5
340 175
347.1188 194.8576
320.6188 204.3576
322.5 157.5
346 168
338.7025 184.3324
315.2025 173.8324
334.5 139.5
357 165
345.2632 175.356
322.7632 149.856
337.5 177.5
341 143
362.2684 145.1577
358.7684 179.6577
348.5 167.5
353 141
370.746 144.0135
366.246 170.5135
352.5 168.5
386 144
398.1123 160.5618
364.6123 185.0618
362.5 170.5
393 163
396.6135 177.695
366.1135 185.195
295.5 286.5
348 266
355.6729 285.6501
303.1729 306.1501
300.5 296.5
345 275
355.9797 297.7254
311.4797 319.2254
307.5 304.5
359 282
367.9968 302.5927
316.4968 325.0927
316.5 307.5
358 291
367.47 314.8185
325.97 331.3185
319.5 317.5
366 297
375.0652 317.5626
328.5652 338.0626
319.5 325.5
370 304
383.1387 334.8606
332.6387 356.3606
214.5 258.5
273 277
268.1662 292.2851
209.6662 273.7851
216.5 253.5
268 273
260.6999 292.2797
209.1999 272.7797
