353.9304 225.5312
368.8992 248.4834
351.6876 259.7083
336.7188 236.7561
342.4532 231.0187
351.9345 249.4813
335.4222 257.961
325.9409 239.4985
330.4782 232.0166
336.9657 250.4792
315.9134 257.8767
309.4259 239.4142
297.5468 248.9813
307.0281 227.527
322.9688 234.5717
313.4875 256.026
276.5904 227.027
307.0281 219.5437
311.189 236.4676
280.7513 243.951
284.5738 209.0644
309.0239 218.5457
302.5195 235.319
278.0694 225.8377
296.5489 199.0852
312.0177 214.5541
300.9727 225.599
285.5039 210.1302
309.5218 192.0998
323.9927 208.5665
307.9506 222.6643
293.4797 206.1976
321.4969 185.1143
331.9761 200.5832
315.0241 212.0671
304.5449 196.5983
332.474 179.1268
339.9595 202.579
315.9092 210.2553
308.4237 186.8032
430.2703 152.183
465.6975 233.5146
433.3511 247.6043
397.9239 166.2727
416.2994 153.1809
452.7245 226.5291
420.1905 242.6857
383.7654 169.3374
266.6112 166.1538
281.0821 177.631
271.9263 189.175
257.4554 177.6979
271.6008 162.1622
287.0696 175.6351
275.3452 189.0965
259.8763 175.6235
262.6195 169.1476
277.0904 182.6206
264.028 196.6505
249.5571 183.1776
258.6279 177.131
275.0946 186.6123
264.4381 205.12
247.9714 195.6387
251.6424 181.1227
267.1112 195.5936
254.821 208.7313
239.3522 194.2604
247.6507 188.1081
263.1195 199.5852
255.669 209.627
240.2002 198.1499
228.6902 201.0811
252.1424 221.5395
239.4051 236.1407
215.9529 215.6823
220.7069 211.0603
247.1528 228.5249
233.3718 249.393
206.9258 231.9283
215.7173 218.0457
240.1674 237.5062
225.5005 255.9336
201.0504 236.4731
398.3368 276.9231
432.7661 290.396
423.9105 313.026
389.4812 299.553
390.3534 281.9127
430.7703 301.3732
419.7074 324.3493
379.2906 304.8888
390.3534 286.9023
424.7827 304.3669
413.6328 326.3475
379.2035 308.8829
