403.8264 300.3753
441.7474 298.3794
442.8686 319.683
404.9476 321.6789
406.3202 301.8711
437.7557 325.3233
422.5656 345.6843
391.1301 322.2321
404.3243 305.8628
415.8015 337.2983
395.5224 344.7022
384.0453 313.2667
399.3347 314.8441
404.8243 351.2692
379.9779 355.0138
374.4883 318.5887
361.4137 343.7838
383.868 310.3545
400.1433 321.2865
377.6891 354.7158
344.4491 322.8274
379.8763 300.3753
392.9176 320.9531
357.4904 343.4053
354.4283 330.8108
385.8638 307.3607
398.7722 324.6648
367.3366 348.1149
344.4491 296.8815
383.868 295.3857
384.588 314.3587
345.169 315.8546
339.4595 308.8565
385.8638 298.3794
390.3464 318.2333
343.9421 328.7105
349.4387 277.921
389.8555 295.3857
381.4678 314.7965
341.051 297.3319
369.3971 264.948
389.8555 289.3981
380.9302 296.8663
360.4718 272.4162
388.3576 253.9709
399.8347 289.3981
379.54 295.9729
368.0629 260.5456
385.3638 291.8919
394.8451 256.4667
423.7809 264.2112
414.2996 299.6364
391.3514 290.894
426.7786 269.4397
444.0551 297.9683
408.6279 319.4226
404.3243 295.8836
439.7516 293.3898
441.1547 313.3238
405.7275 315.8176
402.3285 302.869
443.7432 320.3337
435.7871 339.2004
394.3724 321.7357
340.4574 209.0644
368.8992 165.6559
391.1719 180.2493
362.7301 223.6578
348.4407 211.0603
376.8825 172.6414
402.0036 191.2386
373.5618 229.6576
359.4179 216.0499
383.868 173.6393
407.1464 187.0595
382.6963 229.4701
368.3992 219.0437
392.8493 181.6227
419.015 198.7188
394.5649 236.1398
379.3763 221.0395
403.8264 187.6102
426.2931 204.0423
401.843 237.4716
386.3617 227.027
412.8077 187.6102
429.7096 198.9502
403.2637 238.3671
411.3098 244.9896
442.7453 196.5915
471.1624 215.049
439.7269 263.4471
232.6819 225.0312
306.0301 216.5499
310.0551 251.3591
236.7069 259.8403
232.6819 233.0146
298.0468 223.5353
303.0492 258.0304
237.6844 267.5096
233.6798 246.9854
304.0343 231.5187
309.4549 256.1755
239.1004 271.6423
