330 197
374 177
380.33 190.9259
336.33 210.9259
334.5 194.5
373 195
372.6881 219.0188
334.1881 218.5188
337.5 200.5
378 218
371.0614 234.0579
330.5614 216.5579
336.5 206.5
350 234
327.1139 245.235
313.6139 217.735
333.5 212.5
339 246
314.3303 250.0503
308.8303 216.5503
291.5 237.5
314 210
331.1323 224.0173
308.6323 251.5173
296.5 238.5
312 207
335.7562 218.6895
320.2562 250.1895
278.5 214.5
317 206
320.0641 219.8785
281.5641 228.3785
286.5 227.5
312 202
327.2315 217.2315
301.7315 242.7315
276.5 201.5
319 203
318.2728 223.6027
275.7728 222.1027
282.5 215.5
319 201
324.8375 215.6943
288.3375 230.1943
287.5 185.5
323 200
315.5518 218.2352
280.0518 203.7352
296.5 170.5
328 200
315.7722 213.0568
284.2722 183.5568
314.5 163.5
331 196
310.2029 206.5585
293.7029 174.0585
312.5 200.5
323 161
352.9752 168.9681
342.4752 208.4681
325.5 194.5
354 167
366.916 180.3857
338.416 207.8857
328.5 195.5
366 180
375.0556 201.9088
337.5556 217.4088
332.5 200.5
381 197
382.2754 214.6741
333.7754 218.1741
333.5 202.5
375 215
370.6739 229.3626
329.1739 216.8626
426.5 197.5
462 221
451.3823 237.0395
415.8823 213.5395
423.5 200.5
468 225
456.3348 246.1878
411.8348 221.6878
407.5 222.5
446 243
433.3538 266.7502
394.8538 246.2502
404.5 232.5
438 255
428.5052 269.1368
395.0052 246.6368
400.5 240.5
434 262
421.9225 280.8184
388.4225 259.3184
394.5 244.5
435 270
419.1047 295.2456
378.6047 269.7456
386.5 250.5
422 276
406.6864 297.3189
371.1864 271.8189
381.5 260.5
412 281
396.026 304.7662
365.526 284.2662
376.5 267.5
414 288
398.1128 317.0619
360.6128 296.5619
217.5 283.5
287 268
290.726 284.7068
221.226 300.2068
215.5 288.5
287 275
292.9486 306.5058
221.4486 320.0058
214.5 287.5
286 285
287.0425 314.8146
215.5425 317.3146
221.5 300.5
281 286
289.7987 322.1052
230.2987 336.6052
218.5 310.5
280 297
286.0681 324.6438
224.5681 338.1438
