400 226
438 242
429.3228 262.6084
391.3228 246.6084
401.5 232.5
436 250
426.4893 268.7496
391.9893 251.2496
398.5 239.5
433 257
422.478 277.7434
387.978 260.2434
389.5 249.5
425 266
416.0689 285.2155
380.5689 268.7155
388.5 258.5
429 276
418.9889 299.1685
378.4889 281.6685
374.5 266.5
421 290
411.0975 309.5944
364.5975 286.0944
371.5 276.5
410 297
399.7352 316.2778
361.2352 295.7778
367.5 287.5
407 309
395.7475 329.6732
356.2475 308.1732
360.5 295.5
408 315
397.4481 340.7033
349.9481 321.2033
364.5 291.5
410 315
398.6662 336.9441
353.1662 313.4441
281.5 210.5
305 173
324.7092 185.3511
301.2092 222.8511
289.5 216.5
315 181
334.5262 195.0259
309.0262 230.5259
304.5 221.5
322 183
343.3111 192.6869
325.8111 231.1869
311.5 223.5
331 190
351.2315 201.7765
331.7315 235.2765
324.5 228.5
341 190
359.9264 198.1113
343.4264 236.6113
334.5 235.5
353 198
371.4664 207.1101
352.9664 244.6101
325.5 231.5
342 196
370.0093 209.0184
353.5093 244.5184
299.5 232.5
338 263
322.9809 281.9585
284.4809 251.4585
296.5 229.5
343 259
330.357 278.9288
283.857 249.4288
269.5 256.5
284 287
271.4533 292.9648
256.9533 262.4648
261.5 258.5
276 284
259.3922 293.4436
244.8922 267.9436
249.5 263.5
273 286
261.2433 298.2792
237.7433 275.7792
243.5 272.5
269 295
261.4564 303.5495
235.9564 281.0495
238.5 273.5
262 297
251 308
227.5 284.5
281.5 282.5
315 285
313.3746 306.7798
279.8746 304.2798
279.5 287.5
309 302
300.8901 318.4994
271.3901 303.9994
281.5 282.5
316 293
308.9638 316.1191
274.4638 305.6191
277.5 293.5
308 307
300.3205 324.3501
269.8205 310.8501
274.5 301.5
303 319
292.4695 336.1496
263.9695 318.6496
277.5 293.5
312 313
299.0841 335.8512
264.5841 316.3512
