409 175
431 240
401.2719 250.0618
379.2719 185.0618
416.5 164.5
444 240
404.1135 254.5282
376.6135 179.0282
396.5 179.5
420 250
379.9638 263.3454
356.4638 192.8454
383.5 182.5
407 248
367.9976 261.9932
344.4976 196.4932
371.5 191.5
392 255
352.2584 267.83
331.7584 204.33
355.5 193.5
374 258
340.5631 267.5904
322.0631 203.0904
334.5 197.5
352 262
312.2076 272.7964
294.7076 208.2964
324.5 206.5
342 273
306.7051 282.2881
289.2051 215.7881
307.5 205.5
329 269
296.6291 279.9602
275.1291 216.4602
305.5 208.5
324 273
288.085 283.3012
269.585 218.8012
375.5 283.5
437 289
434.9493 311.9302
373.4493 306.4302
379.5 291.5
429 291
429.2124 312.0227
379.7124 312.5227
379.5 289.5
429 291
428.2119 317.0073
378.7119 315.5073
273.5 172.5
316 170
317.5447 196.2605
275.0447 198.7605
263.5 176.5
320 170
322.9803 195.9059
266.4803 202.4059
225.5 322.5
256 260
286.1968 274.7361
255.6968 337.2361
244.5 322.5
268 272
293.6597 283.9407
270.1597 334.4407
255.5 325.5
281 276
308.8293 290.3363
283.3293 339.8363
257.5 330.5
284 282
313.8496 298.3096
287.3496 346.8096
