467 160
492 137
512.6252 159.4187
487.6252 182.4187
481.5 162.5
514 145
526.0872 167.4477
493.5872 184.9477
490.5 169.5
516 168
517.3519 190.982
491.8519 192.482
500.5 186.5
526 186
526.5333 213.1977
501.0333 213.6977
499.5 199.5
521 214
508.9039 231.9356
487.4039 217.4356
489.5 211.5
506 228
489.8755 244.1245
473.3755 227.6245
484.5 225.5
493 252
473.7426 258.1769
465.2426 231.6769
443.5 255.5
452 227
472.1468 233.0087
463.6468 261.5087
421.5 249.5
434 224
454.6522 234.1236
442.1522 259.6236
404.5 239.5
419 219
442.7744 235.816
428.2744 256.316
392.5 226.5
412 208
431.0363 228.0653
411.5363 246.5653
380.5 210.5
408 200
417.136 223.9277
389.636 234.4277
376.5 192.5
407 191
408.1676 214.741
377.6676 216.241
378.5 173.5
409 177
405.5628 206.9531
375.0628 203.4531
390.5 151.5
418 165
406.2662 188.9022
378.7662 175.4022
405.5 135.5
426 160
404.5121 177.9797
384.0121 153.4797
422.5 127.5
432 155
409.1389 162.8975
399.6389 135.3975
437.5 123.5
449 153
425.9508 161.9853
414.4508 132.4853
431.5 151.5
440 115
464.0545 120.6017
455.5545 157.1017
449.5 148.5
458 119
476.2572 124.2606
467.7572 153.7606
463.5 148.5
478 125
500.0778 138.6225
485.5778 162.1225
473.5 153.5
488 135
510.0516 152.2837
495.5516 170.7837
484.5 161.5
508 148
523.498 174.978
499.998 188.478
494.5 173.5
520 169
524.4307 194.1072
498.9307 198.6072
390.5 287.5
410 280
416.6774 297.3612
397.1774 304.8612
399.5 293.5
419 295
417.3109 316.9578
397.8109 315.4578
385.5 317.5
393 338
376.3587 344.0883
368.8587 323.5883
358.5 334.5
371 312
388.4175 321.6764
375.9175 344.1764
339.5 315.5
363 305
372.2306 325.659
348.7306 336.159
335.5 302.5
357 298
361.2034 318.0831
339.7034 322.5831
343.5 286.5
363 293
356.3517 312.9449
336.8517 306.4449
350.5 273.5
370 286
359.8606 301.8175
340.3606 289.3175
365.5 267.5
378 289
360.1777 299.3618
347.6777 277.8618
378.5 263.5
384 283
367.8664 287.5505
362.3664 268.0505
369.5 284.5
377 262
400.7171 269.9057
393.2171 292.4057
385.5 282.5
400 269
413.7977 283.8197
399.2977 297.3197
387.5 288.5
414 282
419.6071 304.8596
393.1071 311.3596
424.5 313.5
440 284
461.042 295.056
445.542 324.556
426.5 314.5
444 286
465.3723 299.1234
447.8723 327.6234
438.5 319.5
456 289
476.9609 301.0267
459.4609 331.5267
444.5 326.5
468 297
487.7873 312.7627
464.2873 342.2627
473.5 344.5
494 317
508.4537 327.7746
487.9537 355.2746
486.5 343.5
500 322
515.9116 331.991
502.4116 353.491
497.5 346.5
509 329
523.9496 338.824
512.4496 356.324
500.5 351.5
516 333
531.7836 346.2241
516.2836 364.7241
506.5 357.5
519 338
537.9937 350.1754
525.4937 369.6754
516.5 359.5
531 339
546.8519 350.2123
532.3519 370.7123
524.5 365.5
539 345
555.8308 356.9047
541.3308 377.4047
305.5 139.5
331 137
333.0858 158.2756
307.5858 160.7756
305.5 141.5
335 147
330.4658 171.3196
300.9658 165.8196
291.5 138.5
304 119
324.7929 132.3288
312.2929 151.8288
301.5 144.5
322 131
333.2849 148.1363
312.7849 161.6363
285.5 120.5
301 142
285.3967 153.2489
269.8967 131.7489
299.5 116.5
303 140
288.2961 142.1899
284.7961 118.6899
267.5 139.5
291 144
287.6147 161.6788
264.1147 157.1788
261.5 157.5
285 157
285.4547 178.3727
261.9547 178.8727
195.5 223.5
238 228
235.8915 247.9137
193.3915 243.4137
198.5 223.5
217 220
218.4987 227.9217
199.9987 231.4217
209.5 269.5
235 258
243.1913 276.1632
217.6913 287.6632
212.5 276.5
237 273
239.642 291.4938
215.142 294.9938
212.5 287.5
245 288
244.6602 310.0881
212.1602 309.5881
193.5 255.5
206 274
191.9384 283.5011
179.4384 265.0011
181.5 262.5
204 276
194.5132 291.8114
172.0132 278.3114
176.5 275.5
207 283
202.0311 303.2067
171.5311 295.7067
164.5 284.5
197 289
194.7009 305.6046
162.2009 301.1046
