271.1029 163.6601
360.9158 193.5977
351.0117 223.31
261.1988 193.3723
262.6195 210.0624
331.9761 233.5146
324.8284 254.653
255.4718 231.2008
422.2869 202.079
435.7599 270.4376
417.5478 274.0271
404.0749 205.6685
422.2869 202.079
431.7682 273.4314
405.3724 276.9389
395.8911 205.5865
372.3909 239.0021
438.7536 217.5478
449.3163 250.2206
382.9536 271.6749
381.3721 235.0104
447.7349 223.5353
452.1557 249.1019
385.793 260.5769
360.4158 269.9376
363.9096 323.3274
339.0148 324.9565
335.521 271.5667
350.4366 271.9335
356.9241 323.3274
321.0625 327.8543
314.5749 276.4603
339.4595 275.9252
346.9449 331.3108
312.3182 335.9907
304.8328 280.605
327.4844 273.9293
330.9782 327.3191
296.7571 329.5585
293.2634 276.1687
314.5114 271.9335
317.0073 331.3108
288.9304 332.491
286.4345 273.1136
