342.9532 236.5083
386.8617 177.631
411.5571 196.0478
367.6486 254.9252
347.4428 240
386.8617 185.6143
419.6033 209.3455
380.1844 263.7312
361.4137 246.9854
408.816 186.6123
438.704 210.079
391.3017 270.4521
372.3909 252.973
418.7952 201.5811
448.6522 228.5405
402.2479 279.9324
381.3721 261.9543
424.7827 201.5811
459.6315 226.6386
416.2209 287.0118
387.3597 267.9418
444.7412 204.5748
473.6276 230.7328
416.2461 294.0997
403.3264 274.9272
442.7453 214.5541
478.2945 237.7648
438.8755 298.138
416.2994 281.9127
469.6892 221.5395
498.9296 247.3977
445.5398 307.7708
428.2744 290.894
474.6788 240.5
503.0438 266.6194
456.6395 317.0134
444.2412 301.8711
480.6663 241.4979
504.8338 256.079
468.4087 316.4522
447.2349 307.8586
498.6289 248.4834
531.0383 276.5363
479.6443 335.9115
271.6008 197.0894
315.0114 196.5915
315.2808 220.0782
271.8702 220.5761
273.5967 188.1081
318.0052 203.5769
312.8149 218.4774
268.4064 203.0085
267.6091 195.0936
320.001 193.5977
320.7056 218.2749
268.3137 219.7707
208.7318 305.8628
262.1216 290.396
271.1322 321.4997
217.7424 336.9664
306.5281 314.8441
325.9886 258.4626
347.7666 265.9794
328.3061 322.3609
315.5094 318.8358
322.9948 262.4543
354.666 266.6591
347.1805 323.0406
326.4865 320.8316
345.947 259.4605
364.3185 265.286
344.858 326.6571
336.4657 319.8337
354.9283 267.4439
385.8875 278.3541
367.4249 330.7439
346.4449 320.8316
367.9012 257.4647
395.4585 266.7957
374.0021 330.1626
