401.8306 187.6102
424.7827 169.6476
437.4618 185.8487
414.5097 203.8113
400.3326 196.0915
447.7349 193.5977
448.7887 213.628
401.3864 216.1217
409.3139 200.0832
440.7495 217.5478
432.0125 233.2741
400.5769 215.8094
410.3119 208.0665
426.7786 234.5125
406.3771 247.2156
389.9103 220.7697
404.3243 211.0603
406.8202 249.4813
390.3966 250.5482
387.9008 212.1272
372.3909 245.9875
381.8721 211.5603
396.3357 215.5436
386.8544 249.9708
354.4283 212.0582
385.8638 202.579
392.8023 225.5888
361.3667 235.068
352.4324 190.104
384.8659 194.5956
382.3417 212.8224
349.9082 208.3307
365.4054 172.1414
395.843 192.5998
385.5783 207.8714
355.1407 187.413
353.4304 189.106
387.8597 192.5998
385.7225 213.6607
351.2932 210.167
381.3721 168.1497
397.8389 196.5915
383.6744 204.7922
367.2077 176.3504
382.3701 200.0832
384.8659 162.6622
409.7586 164.3224
407.2628 201.7434
389.3555 195.0936
400.8326 162.6622
427.0389 171.9363
415.5618 204.3677
396.341 193.0977
414.8035 164.658
435.779 178.2749
417.3164 206.7146
399.3347 195.0936
436.7578 178.6289
446.1653 200.0116
408.7423 216.4763
403.3264 195.0936
442.7453 194.5956
443.01 215.5503
403.5911 216.0482
294.553 270.9356
362.9116 272.4335
362.2213 303.9356
293.8627 302.4377
298.5447 281.9127
353.9304 284.4085
352.4677 316.8655
297.0821 314.3697
297.5468 287.9002
363.9096 294.3877
361.2014 322.0903
294.8386 315.6028
276.5904 168.1497
314.0135 193.5977
304.1975 208.0329
266.7744 182.5849
274.5946 170.1455
317.0073 195.5936
303.4523 218.1849
261.0396 192.7368
261.6216 193.0977
299.0447 218.5457
285.8012 238.0212
248.3781 212.5732
254.6362 201.0811
284.0759 226.5291
266.4437 246.927
237.004 221.479
248.6486 210.0624
280.0842 234.5125
263.0503 256.413
231.6147 231.9629
243.659 214.0541
278.0884 240.5
258.8651 265.5263
224.4358 239.0803
237.6715 222.0374
265.1154 247.4854
244.4788 269.7405
217.0349 244.2925
230.6861 231.0187
260.1258 254.4709
244.9461 273.5261
215.5064 250.0739
226.6944 234.0125
253.1403 259.4605
234.8595 278.4582
208.4136 253.0102
234.6778 225.0312
262.1216 256.4667
243.3279 272.874
215.884 241.4385
