313.0156 164.658
379.8763 166.6538
378.9825 196.5948
312.1218 194.5989
316.5073 212.0582
337.9636 142.7037
363.7215 150.6725
342.2651 220.027
327.4844 219.0437
343.9511 145.6975
373.7401 152.3854
357.2734 225.7315
305.5301 266.9439
318.0052 249.4813
330.293 258.2596
317.818 275.7221
326.4865 312.8482
343.9511 269.4397
365.7419 278.2068
348.2772 321.6154
336.4657 312.8482
357.922 273.4314
372.8479 281.5562
351.3916 320.9731
346.4449 313.8462
359.9179 279.4189
385.805 289.5497
372.332 323.977
357.422 315.842
369.8971 280.4168
388.8396 287.0875
376.3646 322.5127
363.4096 314.8441
378.8784 287.4023
398.74 298.5982
383.2712 326.04
374.3867 317.8378
396.841 288.4002
420.6443 306.5568
398.1901 335.9944
222.7027 274.9272
253.1403 236.5083
276.3043 254.8601
245.8667 293.279
367.4012 321.8295
386.8617 291.394
402.658 301.4941
383.1975 331.9296
