401.8306 257.4647
420.7911 234.5125
433.9379 245.3729
414.9774 268.3251
398.3368 260.9563
441.7474 241.4979
449.6728 259.179
406.2622 278.6375
408.316 261.9543
432.7661 251.4771
438.9808 265.9802
414.5307 276.4573
412.3077 265.9459
437.7557 272.4335
432.5554 292.8322
407.1074 286.3447
414.3035 274.9272
436.7578 290.396
424.5104 308.1741
402.0562 292.7053
415.3015 277.921
434.762 305.3649
411.029 322.1939
391.5685 294.7501
363.4096 307.8586
387.8597 274.4293
400.8475 283.9286
376.3974 317.3579
356.4241 279.9168
388.8576 273.4314
392.0127 289.21
359.5792 295.6955
355.4262 290.894
380.8742 277.4231
389.6459 293.9939
364.1979 307.4647
357.422 262.9522
395.843 267.4439
393.5932 286.6889
355.1722 282.1972
364.4075 251.9751
390.8534 264.4501
383.6032 279.8199
357.1573 267.3448
355.4262 269.9376
388.8576 266.4459
390.7942 284.9878
357.3628 288.4795
370.395 242.9938
394.8451 262.4543
383.9919 276.0902
359.5418 256.6297
387.3597 234.0125
401.8306 264.4501
388.4325 270.8199
373.9616 240.3823
382.3701 262.9522
393.8472 232.5166
412.6151 239.5939
401.138 270.0295
396.341 259.9584
407.8181 229.5229
431.6787 238.5206
420.2016 268.9562
403.3264 261.9543
429.7723 244.4917
444.7811 267.2215
418.3352 284.684
409.3139 264.948
449.7308 261.4563
451.4826 281.7345
411.0658 285.2262
400.3326 266.9439
444.7412 287.4023
437.2718 303.6158
392.8633 283.1574
308.5239 199.0852
362.9116 219.5437
356.7757 235.8557
302.388 215.3973
311.5177 199.0852
359.9179 219.5437
350.6826 241.3923
302.2824 220.9339
311.5177 197.0894
363.9096 220.5416
355.5142 239.2968
303.1223 215.8446
207.7339 268.9397
241.1653 237.5062
258.8988 256.3669
225.4674 287.8004
217.7131 277.921
258.1299 241.4979
274.562 259.7318
234.1452 296.1549
223.7006 281.9127
260.1258 246.4875
276.1431 262.957
239.718 298.3822
230.6861 285.9044
268.1091 246.4875
290.1197 267.3847
252.6966 306.8016
238.6694 291.8919
278.0884 261.4563
294.9565 283.3033
255.5376 313.7388
244.657 300.8732
283.078 262.4543
305.0543 284.4318
266.6333 322.8507
